MOVETO,205.2421,47.8982,-45.0000
LINETO,205.2421,47.8982,-55.0000
LINETO,209.3915,42.9814,-55.0000
LINETO,209.3364,41.9191,-55.0000
LINETO,207.8760,41.7924,-55.0000
LINETO,207.9411,-9.1558,-55.0000
LINETO,209.9363,-7.5029,-55.0000
LINETO,211.8676,-5.0766,-55.0000
LINETO,215.4964,1.7338,-55.0000
LINETO,214.2324,4.0203,-55.0000
LINETO,214.5571,6.2877,-55.0000
LINETO,216.1833,7.6944,-55.0000
LINETO,218.4580,7.6956,-55.0000
LINETO,217.3940,8.0148,-55.0000
LINETO,216.1024,7.7986,-55.0000
LINETO,214.4476,6.3732,-55.0000
LINETO,214.1221,3.9846,-55.0000
LINETO,215.4086,1.8210,-55.0000
LINETO,212.0188,-4.6341,-55.0000
LINETO,210.2135,-7.0400,-55.0000
LINETO,208.1199,-8.9652,-55.0000
LINETO,207.9984,41.6278,-55.0000
LINETO,209.4658,41.7972,-55.0000
LINETO,209.5413,43.3124,-55.0000
LINETO,290.1558,43.2675,-55.0000
LINETO,290.3227,41.7974,-55.0000
LINETO,291.9759,41.6326,-55.0000
LINETO,290.4430,41.9413,-55.0000
LINETO,290.2155,43.4512,-55.0000
LINETO,209.3403,43.4512,-55.0000
LINETO,205.2421,47.8982,-55.0000
MOVETO,206.9327,42.6059,-45.0000
LINETO,206.9327,42.6059,-55.0000
LINETO,206.3198,43.2060,-55.0000
LINETO,206.2651,-6.9606,-55.0000
LINETO,206.4468,-9.7160,-55.0000
LINETO,207.4595,-9.2616,-55.0000
LINETO,207.4472,41.9688,-55.0000
LINETO,206.9585,42.5752,-55.0000
LINETO,206.0996,16.7707,-55.0000
LINETO,206.3192,43.3287,-55.0000
LINETO,207.5697,42.1078,-55.0000
LINETO,207.5819,-9.3677,-55.0000
LINETO,206.3813,-9.8386,-55.0000
LINETO,206.0996,-9.8261,-55.0000
LINETO,206.0996,16.7451,-55.0000
MOVETO,216.3411,7.5572,-45.0000
LINETO,216.3411,7.5572,-55.0000
LINETO,215.0310,6.6326,-55.0000
LINETO,214.3728,4.8890,-55.0000
LINETO,214.7969,3.1435,-55.0000
LINETO,216.1075,2.0288,-55.0000
LINETO,218.0998,2.0126,-55.0000
LINETO,219.1986,2.5622,-55.0000
LINETO,219.9225,3.6731,-55.0000
LINETO,219.9043,5.7571,-55.0000
LINETO,218.4629,7.3595,-55.0000
LINETO,216.3490,7.5596,-55.0000
LINETO,218.7297,7.0079,-55.0000
LINETO,219.2201,6.5161,-55.0000
LINETO,219.1124,5.6453,-55.0000
LINETO,218.7211,5.3756,-55.0000
LINETO,218.1781,5.9761,-55.0000
LINETO,218.2293,6.4845,-55.0000
LINETO,218.8962,6.7961,-55.0000
LINETO,218.5602,6.8113,-55.0000
LINETO,218.0347,6.5058,-55.0000
LINETO,218.1725,5.6437,-55.0000
LINETO,219.0998,5.3216,-55.0000
LINETO,219.4079,6.3573,-55.0000
LINETO,219.8692,5.2008,-55.0000
LINETO,219.7954,3.6818,-55.0000
LINETO,219.0589,2.6762,-55.0000
LINETO,218.2543,2.1704,-55.0000
LINETO,216.6497,2.1112,-55.0000
LINETO,215.7125,2.3781,-55.0000
LINETO,214.7832,3.4619,-55.0000
LINETO,214.4482,4.7973,-55.0000
LINETO,214.7892,5.9292,-55.0000
LINETO,216.5174,7.4556,-55.0000
LINETO,218.6809,7.0426,-55.0000
MOVETO,219.2077,7.1774,-45.0000
LINETO,219.2077,7.1774,-55.0000
LINETO,220.0086,6.2887,-55.0000
LINETO,218.9531,7.4770,-55.0000
LINETO,219.2077,7.1774,-55.0000
MOVETO,220.1510,5.7808,-45.0000
LINETO,220.1510,5.7808,-55.0000
LINETO,220.1293,3.4272,-55.0000
LINETO,220.4089,4.5226,-55.0000
LINETO,220.1126,6.0413,-55.0000
LINETO,220.1510,5.7808,-55.0000
MOVETO,219.3915,2.4119,-45.0000
LINETO,219.3915,2.4119,-55.0000
LINETO,218.4585,1.5224,-55.0000
LINETO,218.6422,-0.6463,-55.0000
LINETO,219.3290,-0.1124,-55.0000
LINETO,218.8485,1.6137,-55.0000
LINETO,219.2048,1.2162,-55.0000
LINETO,219.0481,1.8369,-55.0000
LINETO,220.0401,3.1466,-55.0000
LINETO,219.4304,2.4578,-55.0000
LINETO,219.2022,-0.1003,-55.0000
LINETO,218.7380,-0.4810,-55.0000
LINETO,218.6190,1.5889,-55.0000
LINETO,219.2077,-0.0504,-55.0000
MOVETO,219.5752,0.1456,-45.0000
LINETO,219.5752,0.1456,-55.0000
LINETO,220.0046,-0.6507,-55.0000
LINETO,219.5752,0.1456,-55.0000
MOVETO,219.4527,0.4519,-45.0000
LINETO,219.4527,0.4519,-55.0000
LINETO,219.4527,0.4519,-55.0000
MOVETO,218.7177,0.2681,-45.0000
LINETO,218.7177,0.2681,-55.0000
LINETO,218.9937,-0.1591,-55.0000
LINETO,218.7177,0.2681,-55.0000
MOVETO,217.9827,0.4274,-45.0000
LINETO,217.9827,0.4274,-55.0000
LINETO,217.2354,0.4255,-55.0000
LINETO,216.9659,-31.1779,-55.0000
LINETO,218.1418,-30.6184,-55.0000
LINETO,217.9845,0.3824,-55.0000
LINETO,217.1190,0.5526,-55.0000
LINETO,217.4287,0.5723,-55.0000
LINETO,218.1069,0.5095,-55.0000
LINETO,218.1718,-30.1521,-55.0000
LINETO,218.0357,-30.8590,-55.0000
LINETO,216.9699,-31.2405,-55.0000
LINETO,217.1129,0.5499,-55.0000
MOVETO,216.3288,0.9419,-45.0000
LINETO,216.3288,0.9419,-55.0000
LINETO,215.6335,1.0643,-55.0000
LINETO,214.7999,-0.6471,-55.0000
LINETO,215.9015,-1.2844,-55.0000
LINETO,216.4895,0.6098,-55.0000
LINETO,215.5340,1.1788,-55.0000
LINETO,216.2520,1.1776,-55.0000
LINETO,216.6179,0.4015,-55.0000
LINETO,215.7992,-1.3228,-55.0000
LINETO,214.6750,-0.7114,-55.0000
LINETO,215.5081,1.1624,-55.0000
MOVETO,215.7286,0.8439,-45.0000
LINETO,215.7286,0.8439,-55.0000
LINETO,215.2185,-0.6279,-55.0000
LINETO,215.9695,0.9254,-55.0000
LINETO,215.7286,0.8439,-55.0000
MOVETO,216.1818,0.3661,-45.0000
LINETO,216.1818,0.3661,-55.0000
LINETO,215.7188,-0.9966,-55.0000
LINETO,216.1818,0.3661,-55.0000
MOVETO,216.4391,1.6157,-45.0000
LINETO,216.4391,1.6157,-55.0000
LINETO,218.0415,1.5229,-55.0000
LINETO,218.0728,1.0375,-55.0000
LINETO,217.7306,0.9430,-55.0000
LINETO,216.4653,1.4905,-55.0000
LINETO,216.9624,0.9245,-55.0000
LINETO,218.2277,0.8338,-55.0000
LINETO,218.1957,1.6876,-55.0000
LINETO,216.1783,1.7381,-55.0000
LINETO,216.4391,1.6157,-55.0000
MOVETO,216.3778,-1.2265,-45.0000
LINETO,216.3778,-1.2265,-55.0000
LINETO,215.9613,-2.2189,-55.0000
LINETO,215.9613,-31.0661,-55.0000
LINETO,216.5852,-31.2157,-55.0000
LINETO,216.0226,-30.8830,-55.0000
LINETO,216.0838,-2.1832,-55.0000
LINETO,216.8437,-0.3204,-55.0000
LINETO,216.3778,-1.2265,-55.0000
MOVETO,214.3320,-1.2877,-45.0000
LINETO,214.3320,-1.2877,-55.0000
LINETO,210.9439,-6.6972,-55.0000
LINETO,207.5231,-9.6679,-55.0000
LINETO,206.3901,-10.0531,-55.0000
LINETO,204.7326,-9.9947,-55.0000
LINETO,201.0117,-7.7677,-55.0000
LINETO,204.3667,-10.0088,-55.0000
LINETO,206.1869,-10.1883,-55.0000
LINETO,207.4990,-9.8528,-55.0000
LINETO,210.2984,-7.7036,-55.0000
LINETO,214.4195,-1.5446,-55.0000
LINETO,215.1813,-1.3862,-55.0000
LINETO,215.6157,-2.1355,-55.0000
LINETO,213.3940,-6.5112,-55.0000
LINETO,211.1024,-9.7695,-55.0000
LINETO,208.8487,-11.8569,-55.0000
LINETO,207.4684,-12.3663,-55.0000
LINETO,205.1625,-12.2193,-55.0000
LINETO,201.0249,-10.0141,-55.0000
LINETO,203.2538,-11.6410,-55.0000
LINETO,205.1107,-12.3290,-55.0000
LINETO,207.5775,-12.4788,-55.0000
LINETO,208.9883,-11.9563,-55.0000
LINETO,211.9696,-8.9663,-55.0000
LINETO,214.8720,-4.1449,-55.0000
LINETO,215.7671,-1.8563,-55.0000
LINETO,215.1537,-1.2243,-55.0000
LINETO,214.3320,-1.2877,-55.0000
MOVETO,215.6428,-3.3826,-45.0000
LINETO,215.6428,-3.3826,-55.0000
LINETO,215.5327,-9.5636,-55.0000
LINETO,212.0191,-9.5714,-55.0000
LINETO,214.3823,-5.6735,-55.0000
LINETO,211.8669,-9.6291,-55.0000
LINETO,215.6429,-9.7123,-55.0000
LINETO,215.6428,-3.3826,-55.0000
MOVETO,214.8220,-4.7546,-45.0000
LINETO,214.8220,-4.7546,-55.0000
LINETO,214.4887,-5.5501,-55.0000
LINETO,215.2601,-4.0061,-55.0000
LINETO,214.8220,-4.7546,-55.0000
MOVETO,218.4114,-5.7347,-45.0000
LINETO,218.4114,-5.7347,-55.0000
LINETO,218.4182,-9.6549,-55.0000
LINETO,227.6580,-9.5796,-55.0000
LINETO,227.7122,-4.3497,-55.0000
LINETO,227.5070,-9.5181,-55.0000
LINETO,218.5339,-9.5268,-55.0000
LINETO,218.3993,-1.8213,-55.0000
LINETO,218.4114,-5.7347,-55.0000
MOVETO,221.3148,-3.8113,-45.0000
LINETO,221.3148,-3.8113,-55.0000
LINETO,219.4338,-0.6550,-55.0000
LINETO,222.2252,-5.6120,-55.0000
LINETO,223.7340,-6.8710,-55.0000
LINETO,224.9804,-7.0662,-55.0000
LINETO,227.0311,-4.6317,-55.0000
LINETO,228.1752,-0.6559,-55.0000
LINETO,227.7609,-0.6267,-55.0000
LINETO,226.2433,-4.3667,-55.0000
LINETO,224.9236,-5.8486,-55.0000
LINETO,223.2818,-5.7855,-55.0000
LINETO,221.3201,-3.8189,-55.0000
LINETO,227.7626,-0.3854,-55.0000
LINETO,228.2501,-0.5533,-55.0000
LINETO,228.1829,-1.8253,-55.0000
LINETO,227.1792,-4.6553,-55.0000
LINETO,225.1869,-7.1248,-55.0000
LINETO,223.9945,-7.1238,-55.0000
LINETO,222.5948,-6.2647,-55.0000
LINETO,219.3312,-1.0863,-55.0000
LINETO,218.7321,-1.0922,-55.0000
LINETO,221.4784,-5.7668,-55.0000
LINETO,223.9029,-7.3816,-55.0000
LINETO,221.9664,-6.3892,-55.0000
LINETO,220.1707,-4.1345,-55.0000
LINETO,218.6164,-1.0042,-55.0000
LINETO,219.6216,-0.4154,-55.0000
LINETO,222.1155,-4.5491,-55.0000
LINETO,224.1840,-5.9178,-55.0000
LINETO,225.8027,-4.7616,-55.0000
LINETO,227.6851,-0.4547,-55.0000
MOVETO,227.3666,-0.0504,-45.0000
LINETO,227.3666,-0.0504,-55.0000
LINETO,227.3476,-0.6159,-55.0000
LINETO,227.4954,0.4071,-55.0000
LINETO,227.3666,-0.0504,-55.0000
MOVETO,227.9056,0.7459,-45.0000
LINETO,227.9056,0.7459,-55.0000
LINETO,227.8295,-0.0166,-55.0000
LINETO,228.3646,-0.3461,-55.0000
LINETO,228.7267,0.6317,-55.0000
LINETO,228.2407,1.0603,-55.0000
LINETO,227.9116,0.7619,-55.0000
LINETO,228.5895,0.6472,-55.0000
LINETO,228.3278,-0.2171,-55.0000
LINETO,227.9181,0.3453,-55.0000
LINETO,228.1895,0.9117,-55.0000
LINETO,228.4936,0.7949,-55.0000
MOVETO,229.0449,1.4687,-45.0000
LINETO,229.0449,1.4687,-55.0000
LINETO,228.5253,1.0777,-55.0000
LINETO,229.1597,1.3041,-55.0000
LINETO,228.8129,0.9810,-55.0000
LINETO,229.3038,0.9903,-55.0000
LINETO,229.3557,1.5366,-55.0000
LINETO,229.0449,1.4687,-55.0000
MOVETO,229.8657,1.7382,-45.0000
LINETO,229.8657,1.7382,-55.0000
LINETO,229.5911,1.4075,-55.0000
LINETO,230.0690,-0.4695,-55.0000
LINETO,229.5506,-0.9730,-55.0000
LINETO,229.9328,-3.2247,-55.0000
LINETO,231.5737,-5.2462,-55.0000
LINETO,232.3478,-5.4227,-55.0000
LINETO,233.2092,-5.0493,-55.0000
LINETO,233.7148,-4.5214,-55.0000
LINETO,232.2157,-5.3059,-55.0000
LINETO,231.0020,-4.5131,-55.0000
LINETO,229.8378,-2.6340,-55.0000
LINETO,229.7618,-2.3128,-55.0000
LINETO,230.1732,-2.8555,-55.0000
LINETO,229.6472,-1.2404,-55.0000
LINETO,231.2950,-4.1681,-55.0000
LINETO,232.6848,-4.9712,-55.0000
LINETO,233.8466,-3.7171,-55.0000
LINETO,234.5141,-0.8876,-55.0000
LINETO,234.0761,-0.9387,-55.0000
LINETO,232.9118,-3.6060,-55.0000
LINETO,231.9901,-3.9642,-55.0000
LINETO,230.5211,-1.7342,-55.0000
LINETO,229.7089,1.4236,-55.0000
LINETO,230.2149,2.0420,-55.0000
LINETO,229.8673,1.7399,-55.0000
LINETO,230.4883,-1.9724,-55.0000
LINETO,231.7544,-3.9997,-55.0000
LINETO,232.9006,-3.9280,-55.0000
LINETO,234.3888,-1.0081,-55.0000
LINETO,233.7723,-3.5284,-55.0000
LINETO,232.6329,-4.8756,-55.0000
LINETO,231.1792,-3.7237,-55.0000
LINETO,229.7927,-0.7009,-55.0000
LINETO,230.3086,-1.3818,-55.0000
LINETO,230.1723,-0.6627,-55.0000
LINETO,230.4170,-1.5205,-55.0000
MOVETO,230.9682,-2.3168,-45.0000
LINETO,230.9682,-2.3168,-55.0000
LINETO,231.2979,-2.8375,-55.0000
LINETO,230.9682,-2.3168,-55.0000
MOVETO,231.3970,-3.1008,-45.0000
LINETO,231.3970,-3.1008,-55.0000
LINETO,231.3970,-3.1008,-55.0000
MOVETO,231.5808,-3.3948,-45.0000
LINETO,231.5808,-3.3948,-55.0000
LINETO,231.9450,-3.7127,-55.0000
LINETO,231.5808,-3.3948,-55.0000
MOVETO,232.1688,-3.7991,-45.0000
LINETO,232.1688,-3.7991,-55.0000
LINETO,232.1688,-3.7991,-55.0000
MOVETO,230.7845,-3.9583,-45.0000
LINETO,230.7845,-3.9583,-55.0000
LINETO,230.7845,-3.9583,-55.0000
MOVETO,230.4782,-3.4683,-45.0000
LINETO,230.4782,-3.4683,-55.0000
LINETO,230.6741,-3.7133,-55.0000
LINETO,230.4048,-3.2233,-55.0000
LINETO,230.4782,-3.4683,-55.0000
MOVETO,227.9424,-3.6031,-45.0000
LINETO,227.9424,-3.6031,-55.0000
LINETO,228.1370,-20.1290,-55.0000
LINETO,228.1148,-3.1008,-55.0000
LINETO,227.9424,-3.6031,-55.0000
MOVETO,226.6928,-2.3780,-45.0000
LINETO,226.6928,-2.3780,-55.0000
LINETO,226.6095,-2.8208,-55.0000
LINETO,226.8786,-2.0376,-55.0000
LINETO,226.6928,-2.3780,-55.0000
MOVETO,227.0603,-1.2755,-45.0000
LINETO,227.0603,-1.2755,-55.0000
LINETO,226.9702,-1.8281,-55.0000
LINETO,227.2575,-0.8231,-55.0000
LINETO,227.0603,-1.2755,-55.0000
MOVETO,229.3389,0.3906,-45.0000
LINETO,229.3389,0.3906,-55.0000
LINETO,229.4210,-0.2003,-55.0000
LINETO,229.7995,-0.2297,-55.0000
LINETO,229.6817,0.4845,-55.0000
LINETO,229.6668,-0.1591,-55.0000
LINETO,229.3389,0.3906,-55.0000
MOVETO,230.3557,2.5344,-45.0000
LINETO,230.3557,2.5344,-55.0000
LINETO,230.3557,2.5344,-55.0000
MOVETO,230.5027,3.1470,-45.0000
LINETO,230.5027,3.1470,-55.0000
LINETO,230.5027,3.1470,-55.0000
MOVETO,230.3557,3.8820,-45.0000
LINETO,230.3557,3.8820,-55.0000
LINETO,230.3557,3.8820,-55.0000
MOVETO,229.9269,4.6170,-45.0000
LINETO,229.9269,4.6170,-55.0000
LINETO,230.2179,4.3786,-55.0000
LINETO,229.7585,4.8554,-55.0000
LINETO,229.9269,4.6170,-55.0000
MOVETO,229.4614,4.5068,-45.0000
LINETO,229.4614,4.5068,-55.0000
LINETO,228.0508,4.6619,-55.0000
LINETO,227.7111,3.6723,-55.0000
LINETO,228.0451,2.6440,-55.0000
LINETO,229.0591,1.8031,-55.0000
LINETO,230.0485,2.6087,-55.0000
LINETO,230.0681,3.7884,-55.0000
LINETO,229.7944,4.0811,-55.0000
LINETO,229.6244,3.6572,-55.0000
LINETO,229.1328,3.8184,-55.0000
LINETO,229.3633,4.5001,-55.0000
LINETO,229.1688,4.0822,-55.0000
LINETO,229.5877,3.8464,-55.0000
LINETO,229.4831,4.4889,-55.0000
LINETO,227.8276,4.7342,-55.0000
LINETO,229.3248,4.7771,-55.0000
LINETO,230.2088,3.7213,-55.0000
LINETO,229.9701,2.1582,-55.0000
LINETO,228.9558,1.7106,-55.0000
LINETO,227.5135,3.2935,-55.0000
LINETO,227.8198,4.7273,-55.0000
MOVETO,227.9424,5.0213,-45.0000
LINETO,227.9424,5.0213,-55.0000
LINETO,227.9424,5.0213,-55.0000
MOVETO,228.4324,5.1438,-45.0000
LINETO,228.4324,5.1438,-55.0000
LINETO,228.8239,5.1617,-55.0000
LINETO,228.4324,5.1438,-55.0000
MOVETO,227.1828,4.5435,-45.0000
LINETO,227.1828,4.5435,-55.0000
LINETO,226.7265,2.8936,-55.0000
LINETO,227.6208,0.5332,-55.0000
LINETO,227.5992,1.5733,-55.0000
LINETO,226.8531,2.9283,-55.0000
LINETO,227.5036,4.8111,-55.0000
LINETO,227.1828,4.5435,-55.0000
MOVETO,227.0603,2.8040,-45.0000
LINETO,227.0603,2.8040,-55.0000
LINETO,227.6453,1.9335,-55.0000
LINETO,228.5698,1.5881,-55.0000
LINETO,227.0603,2.8040,-55.0000
MOVETO,233.7981,2.8530,-45.0000
LINETO,233.7981,2.8530,-55.0000
LINETO,233.4393,1.8093,-55.0000
LINETO,233.8780,-0.8805,-55.0000
LINETO,234.0039,0.4361,-55.0000
LINETO,233.5431,1.9200,-55.0000
LINETO,234.1279,3.1459,-55.0000
LINETO,233.7981,2.8530,-55.0000
MOVETO,234.2636,3.0000,-45.0000
LINETO,234.2636,3.0000,-55.0000
LINETO,234.1474,1.5868,-55.0000
LINETO,234.8185,0.8568,-55.0000
LINETO,235.6955,1.1236,-55.0000
LINETO,235.7781,2.3273,-55.0000
LINETO,235.3349,2.8992,-55.0000
LINETO,234.2673,3.0019,-55.0000
LINETO,235.3796,2.6880,-55.0000
LINETO,235.5447,2.3799,-55.0000
LINETO,235.0352,2.7676,-55.0000
LINETO,235.0915,2.3455,-55.0000
LINETO,235.7204,2.1088,-55.0000
LINETO,235.5870,1.2235,-55.0000
LINETO,234.9866,0.9514,-55.0000
LINETO,234.1741,1.9634,-55.0000
LINETO,234.5122,2.8449,-55.0000
LINETO,235.3539,2.7060,-55.0000
MOVETO,235.9910,2.2894,-45.0000
LINETO,235.9910,2.2894,-55.0000
LINETO,235.9910,2.2894,-55.0000
MOVETO,235.9910,1.3094,-45.0000
LINETO,235.9910,1.3094,-55.0000
LINETO,235.9910,1.3094,-55.0000
MOVETO,235.5254,0.6724,-45.0000
LINETO,235.5254,0.6724,-55.0000
LINETO,236.6497,-3.4549,-55.0000
LINETO,235.5254,0.6724,-55.0000
MOVETO,234.9742,0.2313,-45.0000
LINETO,234.9742,0.2313,-55.0000
LINETO,234.3295,-0.0635,-55.0000
LINETO,234.6162,-0.4858,-55.0000
LINETO,234.8341,0.4639,-55.0000
LINETO,235.2259,0.5025,-55.0000
LINETO,234.7066,-0.5903,-55.0000
LINETO,234.2269,-0.5444,-55.0000
LINETO,234.3049,0.2027,-55.0000
LINETO,234.8272,0.4519,-55.0000
MOVETO,234.0921,0.9419,-45.0000
LINETO,234.0921,0.9419,-55.0000
LINETO,234.3552,0.8617,-55.0000
LINETO,234.0921,0.9419,-55.0000
MOVETO,235.0722,-0.8344,-45.0000
LINETO,235.0722,-0.8344,-55.0000
LINETO,234.8654,-14.4817,-55.0000
LINETO,235.1473,-14.2344,-55.0000
LINETO,235.2334,-0.2725,-55.0000
LINETO,235.0722,-0.8344,-55.0000
MOVETO,235.4029,-1.4960,-45.0000
LINETO,235.4029,-1.4960,-55.0000
LINETO,236.1394,-3.8521,-55.0000
LINETO,237.1159,-4.2169,-55.0000
LINETO,237.8732,-1.3230,-55.0000
LINETO,237.5948,-1.2656,-55.0000
LINETO,237.8264,-1.6794,-55.0000
LINETO,237.4376,-3.4100,-55.0000
LINETO,236.8110,-4.2026,-55.0000
LINETO,235.7949,-2.9398,-55.0000
LINETO,235.4156,-0.7165,-55.0000
LINETO,235.4029,-1.4960,-55.0000
MOVETO,234.7169,-1.5940,-45.0000
LINETO,234.7169,-1.5940,-55.0000
LINETO,234.6926,-14.2922,-55.0000
LINETO,234.8149,-1.1652,-55.0000
LINETO,234.7169,-1.5940,-55.0000
MOVETO,233.6144,-1.4592,-45.0000
LINETO,233.6144,-1.4592,-55.0000
LINETO,233.5858,-1.8420,-55.0000
LINETO,233.7409,-1.1744,-55.0000
LINETO,233.6144,-1.4592,-55.0000
MOVETO,233.4183,-2.1208,-45.0000
LINETO,233.4183,-2.1208,-55.0000
LINETO,233.4183,-2.1208,-55.0000
MOVETO,233.2468,-2.5740,-45.0000
LINETO,233.2468,-2.5740,-55.0000
LINETO,233.2468,-2.5740,-55.0000
MOVETO,235.5009,-3.2111,-45.0000
LINETO,235.5009,-3.2111,-55.0000
LINETO,236.1293,-4.5213,-55.0000
LINETO,237.2466,-4.4806,-55.0000
LINETO,236.3585,-4.4807,-55.0000
LINETO,235.5009,-3.2111,-55.0000
MOVETO,237.0935,-2.4883,-45.0000
LINETO,237.0935,-2.4883,-55.0000
LINETO,237.0935,-2.4883,-55.0000
MOVETO,237.4243,-2.1453,-45.0000
LINETO,237.4243,-2.1453,-55.0000
LINETO,237.3643,-1.5234,-55.0000
LINETO,237.3075,-2.9899,-55.0000
LINETO,236.6225,-3.7664,-55.0000
LINETO,237.2313,-2.9155,-55.0000
LINETO,237.2773,-1.7777,-55.0000
MOVETO,237.3508,-1.2142,-45.0000
LINETO,237.3508,-1.2142,-55.0000
LINETO,237.3508,-1.2142,-55.0000
MOVETO,237.9510,-0.8467,-45.0000
LINETO,237.9510,-0.8467,-55.0000
LINETO,237.8502,-0.1848,-55.0000
LINETO,237.9052,-0.5275,-55.0000
LINETO,238.3124,-0.3229,-55.0000
LINETO,238.0300,-1.0958,-55.0000
LINETO,237.5968,-0.9350,-55.0000
LINETO,237.7060,-0.4792,-55.0000
MOVETO,238.5146,-0.1484,-45.0000
LINETO,238.5146,-0.1484,-55.0000
LINETO,239.0259,-2.7255,-55.0000
LINETO,239.5430,-2.8040,-55.0000
LINETO,239.1114,-3.1499,-55.0000
LINETO,239.3469,-3.3194,-55.0000
LINETO,239.5737,-2.6204,-55.0000
LINETO,239.4657,-2.3350,-55.0000
LINETO,239.3152,-2.7908,-55.0000
LINETO,239.0939,-2.5401,-55.0000
LINETO,238.5146,-0.1484,-55.0000
MOVETO,239.5436,0.0843,-45.0000
LINETO,239.5436,0.0843,-55.0000
LINETO,239.5436,0.0843,-55.0000
MOVETO,239.8376,0.0598,-45.0000
LINETO,239.8376,0.0598,-55.0000
LINETO,239.8376,0.0598,-55.0000
MOVETO,239.4946,0.6724,-45.0000
LINETO,239.4946,0.6724,-55.0000
LINETO,239.3063,-0.0704,-55.0000
LINETO,239.7672,-0.8529,-55.0000
LINETO,239.4493,0.1161,-55.0000
LINETO,239.8392,0.9176,-55.0000
LINETO,239.4946,0.6724,-55.0000
MOVETO,240.0704,0.7336,-45.0000
LINETO,240.0704,0.7336,-55.0000
LINETO,239.6972,0.3361,-55.0000
LINETO,240.3940,0.5542,-55.0000
LINETO,240.0603,0.3563,-55.0000
LINETO,240.5355,0.3228,-55.0000
LINETO,240.5976,-0.0794,-55.0000
LINETO,239.6691,-0.2917,-55.0000
LINETO,240.3417,-0.5208,-55.0000
LINETO,240.7617,0.1733,-55.0000
LINETO,240.0704,0.7336,-55.0000
MOVETO,241.1852,0.3049,-45.0000
LINETO,241.1852,0.3049,-55.0000
LINETO,241.1852,0.3049,-55.0000
MOVETO,241.2587,-0.0014,-45.0000
LINETO,241.2587,-0.0014,-55.0000
LINETO,241.0140,-2.6568,-55.0000
LINETO,240.5261,-0.7197,-55.0000
LINETO,240.4146,-0.9569,-55.0000
LINETO,240.8364,-2.8342,-55.0000
LINETO,241.5516,-1.3329,-55.0000
LINETO,241.1608,-0.3114,-55.0000
LINETO,241.7258,-0.7242,-55.0000
LINETO,242.1120,-0.2978,-55.0000
LINETO,241.7635,0.3109,-55.0000
LINETO,241.2676,0.0097,-55.0000
LINETO,241.9915,-0.3365,-55.0000
LINETO,241.6779,-0.5750,-55.0000
LINETO,241.3378,-0.0701,-55.0000
LINETO,241.7668,0.1018,-55.0000
LINETO,241.9937,-0.2954,-55.0000
MOVETO,241.5527,-0.1852,-45.0000
LINETO,241.5527,-0.1852,-55.0000
LINETO,241.5527,-0.1852,-55.0000
MOVETO,241.7242,0.4886,-45.0000
LINETO,241.7242,0.4886,-55.0000
LINETO,241.7242,0.4886,-55.0000
MOVETO,239.9969,-0.9202,-45.0000
LINETO,239.9969,-0.9202,-55.0000
LINETO,239.4616,-3.5631,-55.0000
LINETO,239.0077,-3.4163,-55.0000
LINETO,238.5972,-2.4189,-55.0000
LINETO,238.7645,-3.7418,-55.0000
LINETO,239.5436,-3.9101,-55.0000
LINETO,239.5259,-9.5936,-55.0000
LINETO,238.5872,-9.5503,-55.0000
LINETO,238.4150,-1.0930,-55.0000
LINETO,238.3286,-11.9003,-55.0000
LINETO,238.4411,-9.6549,-55.0000
LINETO,239.6782,-9.7056,-55.0000
LINETO,239.9969,-0.9202,-55.0000
MOVETO,239.5804,-1.4837,-45.0000
LINETO,239.5804,-1.4837,-55.0000
LINETO,239.7179,-2.4575,-55.0000
LINETO,239.6521,-1.0895,-55.0000
LINETO,239.5804,-1.4837,-55.0000
MOVETO,239.8009,-1.7042,-45.0000
LINETO,239.8009,-1.7042,-55.0000
LINETO,239.8009,-1.7042,-55.0000
MOVETO,241.0749,-2.9783,-45.0000
LINETO,241.0749,-2.9783,-55.0000
LINETO,240.7944,-3.0352,-55.0000
LINETO,241.0749,-2.9783,-55.0000
MOVETO,241.5037,-2.3658,-45.0000
LINETO,241.5037,-2.3658,-55.0000
LINETO,241.0429,-3.4602,-55.0000
LINETO,240.4043,-2.7608,-55.0000
LINETO,240.4833,-3.5079,-55.0000
LINETO,240.2200,-3.0046,-55.0000
LINETO,240.5578,-9.2259,-55.0000
LINETO,241.1674,-9.0270,-55.0000
LINETO,241.2570,-7.6093,-55.0000
LINETO,241.2201,-3.7151,-55.0000
LINETO,240.8147,-3.7506,-55.0000
LINETO,241.1096,-4.3741,-55.0000
LINETO,241.0904,-8.6570,-55.0000
LINETO,240.6301,-9.1025,-55.0000
LINETO,240.5848,-3.5597,-55.0000
LINETO,241.4469,-3.6843,-55.0000
LINETO,241.5693,-2.1225,-55.0000
LINETO,241.5037,-2.3658,-55.0000
MOVETO,241.5404,-4.5709,-45.0000
LINETO,241.5404,-4.5709,-55.0000
LINETO,241.5684,-4.9861,-55.0000
LINETO,241.5687,-4.1512,-55.0000
LINETO,241.5404,-4.5709,-55.0000
MOVETO,241.8957,-4.9629,-45.0000
LINETO,241.8957,-4.9629,-55.0000
LINETO,242.1127,-9.1033,-55.0000
LINETO,241.9325,-0.8358,-55.0000
LINETO,241.8957,-4.9629,-55.0000
MOVETO,239.9234,-6.2859,-45.0000
LINETO,239.9234,-6.2859,-55.0000
LINETO,239.7650,-10.2058,-55.0000
LINETO,239.4791,-10.4336,-55.0000
LINETO,239.5932,-10.0239,-55.0000
LINETO,238.5057,-9.9978,-55.0000
LINETO,239.4794,-10.1397,-55.0000
LINETO,238.6513,-10.7262,-55.0000
LINETO,240.2451,-10.3879,-55.0000
LINETO,239.9906,-3.7406,-55.0000
LINETO,239.9234,-6.2859,-55.0000
MOVETO,237.4610,-6.7760,-45.0000
LINETO,237.4610,-6.7760,-55.0000
LINETO,237.3998,-9.5318,-55.0000
LINETO,235.3372,-9.6659,-55.0000
LINETO,237.4908,-9.5406,-55.0000
LINETO,237.5223,-4.0201,-55.0000
LINETO,237.4610,-6.7760,-55.0000
MOVETO,235.3049,-6.5922,-45.0000
LINETO,235.3049,-6.5922,-55.0000
LINETO,235.3288,-8.3889,-55.0000
LINETO,235.3287,-4.7586,-55.0000
LINETO,235.3049,-6.5922,-55.0000
MOVETO,233.8839,-9.8998,-45.0000
LINETO,233.8839,-9.8998,-55.0000
LINETO,230.2344,-10.0228,-55.0000
LINETO,232.1059,-10.3088,-55.0000
LINETO,233.8839,-9.8998,-55.0000
MOVETO,234.2391,-10.4511,-45.0000
LINETO,234.2391,-10.4511,-55.0000
LINETO,234.3567,-11.2973,-55.0000
LINETO,234.2330,-9.9175,-55.0000
LINETO,234.2391,-10.4511,-55.0000
MOVETO,234.0186,-10.8431,-45.0000
LINETO,234.0186,-10.8431,-55.0000
LINETO,233.8496,-11.9663,-55.0000
LINETO,232.6343,-12.1177,-55.0000
LINETO,233.9107,-12.1658,-55.0000
LINETO,233.8473,-14.5134,-55.0000
LINETO,231.9056,-15.1112,-55.0000
LINETO,231.5387,-15.9619,-55.0000
LINETO,232.0959,-16.6873,-55.0000
LINETO,233.5898,-17.0639,-55.0000
LINETO,232.1715,-16.5704,-55.0000
LINETO,231.7034,-15.7603,-55.0000
LINETO,232.2850,-15.0706,-55.0000
LINETO,233.8955,-14.6068,-55.0000
LINETO,234.0186,-10.8431,-55.0000
MOVETO,235.5377,-12.1294,-45.0000
LINETO,235.5377,-12.1294,-55.0000
LINETO,235.9293,-12.1115,-55.0000
LINETO,235.5377,-12.1294,-55.0000
MOVETO,235.6969,-12.7297,-45.0000
LINETO,235.6969,-12.7297,-55.0000
LINETO,235.7417,-13.6533,-55.0000
LINETO,236.8019,-14.0308,-55.0000
LINETO,239.3442,-13.8331,-55.0000
LINETO,240.1193,-13.3351,-55.0000
LINETO,239.0091,-13.7650,-55.0000
LINETO,236.5298,-13.8132,-55.0000
LINETO,235.8244,-13.5121,-55.0000
LINETO,235.6969,-12.7297,-55.0000
MOVETO,237.1303,-13.5995,-45.0000
LINETO,237.1303,-13.5995,-55.0000
LINETO,237.5218,-13.5816,-55.0000
LINETO,237.1303,-13.5995,-55.0000
MOVETO,237.0568,-14.4325,-45.0000
LINETO,237.0568,-14.4325,-55.0000
LINETO,236.3910,-14.6653,-55.0000
LINETO,237.9017,-14.1612,-55.0000
LINETO,237.0568,-14.4325,-55.0000
MOVETO,237.6080,-15.5963,-45.0000
LINETO,237.6080,-15.5963,-55.0000
LINETO,237.6473,-15.8540,-55.0000
LINETO,237.6479,-15.3333,-55.0000
LINETO,237.6080,-15.5963,-55.0000
MOVETO,236.6402,-16.9072,-45.0000
LINETO,236.6402,-16.9072,-55.0000
LINETO,236.6402,-16.9072,-55.0000
MOVETO,236.2115,-17.0297,-45.0000
LINETO,236.2115,-17.0297,-55.0000
LINETO,236.2115,-17.0297,-55.0000
MOVETO,235.4764,-17.1522,-45.0000
LINETO,235.4764,-17.1522,-55.0000
LINETO,235.8131,-17.1265,-55.0000
LINETO,235.4764,-17.1522,-55.0000
MOVETO,235.0477,-15.1063,-45.0000
LINETO,235.0477,-15.1063,-55.0000
LINETO,234.4253,-15.4730,-55.0000
LINETO,234.0551,-14.8065,-55.0000
LINETO,234.4737,-15.7069,-55.0000
LINETO,235.3565,-15.0565,-55.0000
LINETO,234.8098,-15.4729,-55.0000
LINETO,234.3137,-14.9259,-55.0000
LINETO,234.4796,-15.4684,-55.0000
LINETO,235.4573,-14.4943,-55.0000
LINETO,235.4815,-14.8185,-55.0000
LINETO,237.3935,-15.4468,-55.0000
LINETO,236.7675,-15.9178,-55.0000
LINETO,234.8552,-16.1829,-55.0000
LINETO,231.8877,-15.6472,-55.0000
LINETO,234.9467,-16.0073,-55.0000
LINETO,237.1426,-15.5188,-55.0000
LINETO,235.7772,-14.9964,-55.0000
LINETO,235.1350,-15.6870,-55.0000
LINETO,233.8726,-15.7855,-55.0000
LINETO,233.8602,-15.1023,-55.0000
LINETO,233.4378,-14.9436,-55.0000
LINETO,235.3539,-14.6040,-55.0000
MOVETO,234.2759,-14.3100,-45.0000
LINETO,234.2759,-14.3100,-55.0000
LINETO,234.2759,-14.3100,-55.0000
MOVETO,232.9038,-16.6621,-45.0000
LINETO,232.9038,-16.6621,-55.0000
LINETO,232.9038,-16.6621,-55.0000
MOVETO,232.0095,-16.0864,-45.0000
LINETO,232.0095,-16.0864,-55.0000
LINETO,234.4463,-16.5019,-55.0000
LINETO,237.4303,-16.1510,-55.0000
LINETO,235.8440,-16.7316,-55.0000
LINETO,233.6510,-16.7916,-55.0000
LINETO,234.8091,-16.9316,-55.0000
LINETO,237.5668,-16.2074,-55.0000
LINETO,232.0095,-16.0864,-55.0000
MOVETO,232.4873,-18.0710,-45.0000
LINETO,232.4873,-18.0710,-55.0000
LINETO,232.4873,-18.0710,-55.0000
MOVETO,231.5073,-18.9285,-45.0000
LINETO,231.5073,-18.9285,-55.0000
LINETO,231.2816,-19.2016,-55.0000
LINETO,231.7995,-18.6628,-55.0000
LINETO,231.5073,-18.9285,-55.0000
MOVETO,229.4982,-20.9131,-45.0000
LINETO,229.4982,-20.9131,-55.0000
LINETO,229.1101,-21.6215,-55.0000
LINETO,227.1129,-22.2991,-55.0000
LINETO,229.2891,-21.7346,-55.0000
LINETO,229.7771,-20.7703,-55.0000
LINETO,231.3791,-21.1095,-55.0000
LINETO,232.0675,-21.6944,-55.0000
LINETO,230.7371,-22.3449,-55.0000
LINETO,228.4754,-22.5762,-55.0000
LINETO,226.2529,-22.4468,-55.0000
LINETO,224.4755,-21.8580,-55.0000
LINETO,226.1320,-22.5512,-55.0000
LINETO,227.9746,-22.6913,-55.0000
LINETO,230.6417,-22.4923,-55.0000
LINETO,232.1392,-21.8416,-55.0000
LINETO,231.5577,-21.0377,-55.0000
LINETO,229.6223,-20.6197,-55.0000
LINETO,229.4982,-20.9131,-55.0000
MOVETO,229.1307,-20.8028,-45.0000
LINETO,229.1307,-20.8028,-55.0000
LINETO,229.0253,-20.3947,-55.0000
LINETO,228.6531,-20.4716,-55.0000
LINETO,228.4931,-21.2907,-55.0000
LINETO,228.1275,-20.5245,-55.0000
LINETO,228.1600,-21.3256,-55.0000
LINETO,229.1085,-21.0352,-55.0000
LINETO,228.3756,-20.3369,-55.0000
LINETO,229.1751,-20.3010,-55.0000
LINETO,229.2160,-21.2425,-55.0000
LINETO,228.0452,-21.4550,-55.0000
LINETO,227.9269,-20.5404,-55.0000
LINETO,228.3711,-20.3373,-55.0000
MOVETO,227.5258,-21.1336,-45.0000
LINETO,227.5258,-21.1336,-55.0000
LINETO,227.8980,-21.7166,-55.0000
LINETO,227.5699,-20.6204,-55.0000
LINETO,227.5258,-21.1336,-55.0000
MOVETO,226.4723,-20.8273,-45.0000
LINETO,226.4723,-20.8273,-55.0000
LINETO,226.8639,-20.8094,-55.0000
LINETO,226.4723,-20.8273,-55.0000
MOVETO,225.9823,-20.9498,-45.0000
LINETO,225.9823,-20.9498,-55.0000
LINETO,225.9823,-20.9498,-55.0000
MOVETO,224.7695,-21.5011,-45.0000
LINETO,224.7695,-21.5011,-55.0000
LINETO,224.7695,-21.5011,-55.0000
MOVETO,224.5000,-22.5546,-45.0000
LINETO,224.5000,-22.5546,-55.0000
LINETO,225.6674,-23.3666,-55.0000
LINETO,228.2050,-23.6615,-55.0000
LINETO,231.1390,-23.3956,-55.0000
LINETO,232.2425,-22.5558,-55.0000
LINETO,232.0693,-22.2813,-55.0000
LINETO,226.5728,-23.1022,-55.0000
LINETO,232.1207,-22.6069,-55.0000
LINETO,230.9103,-23.3324,-55.0000
LINETO,228.1817,-23.5390,-55.0000
LINETO,225.6865,-23.2557,-55.0000
LINETO,224.6144,-22.5354,-55.0000
LINETO,226.3244,-22.9177,-55.0000
LINETO,224.6178,-22.2748,-55.0000
LINETO,224.5000,-22.5546,-55.0000
MOVETO,225.6270,-24.1962,-45.0000
LINETO,225.6270,-24.1962,-55.0000
LINETO,225.6270,-24.1962,-55.0000
MOVETO,224.7082,-24.9925,-45.0000
LINETO,224.7082,-24.9925,-55.0000
LINETO,224.4163,-25.3337,-55.0000
LINETO,225.0770,-24.6693,-55.0000
LINETO,224.7082,-24.9925,-55.0000
MOVETO,218.6932,-31.8651,-45.0000
LINETO,218.6932,-31.8651,-55.0000
LINETO,218.2068,-33.2986,-55.0000
LINETO,216.6548,-33.7719,-55.0000
LINETO,215.8045,-33.3973,-55.0000
LINETO,215.2939,-31.8955,-55.0000
LINETO,215.6537,-33.4776,-55.0000
LINETO,216.4265,-33.9295,-55.0000
LINETO,214.8073,-34.6825,-55.0000
LINETO,218.2097,-33.4837,-55.0000
LINETO,218.7722,-31.9814,-55.0000
LINETO,221.3372,-32.4699,-55.0000
LINETO,222.5774,-33.4921,-55.0000
LINETO,220.3718,-34.5622,-55.0000
LINETO,216.8144,-34.9315,-55.0000
LINETO,214.0980,-34.7856,-55.0000
LINETO,211.8708,-34.0051,-55.0000
LINETO,211.6194,-33.4590,-55.0000
LINETO,212.8960,-32.5037,-55.0000
LINETO,211.4168,-33.7759,-55.0000
LINETO,213.6044,-34.8024,-55.0000
LINETO,216.9222,-35.0465,-55.0000
LINETO,220.5825,-34.6311,-55.0000
LINETO,222.7227,-33.5227,-55.0000
LINETO,222.4923,-32.9334,-55.0000
LINETO,221.6154,-32.4321,-55.0000
LINETO,218.6932,-31.8651,-55.0000
MOVETO,218.1052,-32.1101,-45.0000
LINETO,218.1052,-32.1101,-55.0000
LINETO,217.9817,-31.4136,-55.0000
LINETO,216.8798,-31.6788,-55.0000
LINETO,216.8309,-33.2946,-55.0000
LINETO,216.6511,-31.7567,-55.0000
LINETO,216.1325,-31.5472,-55.0000
LINETO,216.2990,-33.2886,-55.0000
LINETO,217.9823,-32.9109,-55.0000
LINETO,218.1051,-32.1342,-55.0000
LINETO,217.4678,-31.4012,-55.0000
LINETO,218.1571,-31.3446,-55.0000
LINETO,218.2196,-32.3774,-55.0000
LINETO,217.7171,-33.3202,-55.0000
LINETO,216.0238,-33.2687,-55.0000
LINETO,215.9167,-31.3771,-55.0000
LINETO,217.4314,-31.4118,-55.0000
MOVETO,213.9645,-32.1591,-45.0000
LINETO,213.9645,-32.1591,-55.0000
LINETO,213.4726,-32.3148,-55.0000
LINETO,214.9364,-32.0473,-55.0000
LINETO,213.9645,-32.1591,-55.0000
MOVETO,213.1192,-32.4653,-45.0000
LINETO,213.1192,-32.4653,-55.0000
LINETO,213.1192,-32.4653,-55.0000
MOVETO,209.5911,-37.1205,-45.0000
LINETO,209.5911,-37.1205,-55.0000
LINETO,201.0368,-44.4949,-55.0000
LINETO,211.3565,-35.6936,-55.0000
LINETO,209.5911,-37.1205,-55.0000
MOVETO,222.0253,-34.4132,-45.0000
LINETO,222.0253,-34.4132,-55.0000
LINETO,219.7559,-35.0745,-55.0000
LINETO,216.6119,-35.2977,-55.0000
LINETO,214.0010,-35.1481,-55.0000
LINETO,211.4941,-34.3415,-55.0000
LINETO,211.3676,-34.6345,-55.0000
LINETO,211.7754,-35.2214,-55.0000
LINETO,213.5254,-35.8418,-55.0000
LINETO,217.4698,-36.1550,-55.0000
LINETO,221.6706,-35.3629,-55.0000
LINETO,222.5454,-34.8838,-55.0000
LINETO,222.7375,-34.0954,-55.0000
LINETO,222.0358,-34.4083,-55.0000
LINETO,222.6349,-34.4811,-55.0000
LINETO,222.3588,-34.8382,-55.0000
LINETO,221.4088,-35.3382,-55.0000
LINETO,217.8125,-36.0150,-55.0000
LINETO,213.6393,-35.7408,-55.0000
LINETO,212.1275,-35.2178,-55.0000
LINETO,211.4897,-34.5575,-55.0000
LINETO,214.0013,-35.2625,-55.0000
LINETO,216.6429,-35.4535,-55.0000
LINETO,222.6379,-34.4622,-55.0000
MOVETO,229.4002,-16.4906,-45.0000
LINETO,229.4002,-16.4906,-55.0000
LINETO,229.4971,-20.3771,-55.0000
LINETO,230.3207,-20.3345,-55.0000
LINETO,232.1912,-21.2000,-55.0000
LINETO,232.2874,-23.0300,-55.0000
LINETO,230.0394,-23.8273,-55.0000
LINETO,226.3259,-23.8757,-55.0000
LINETO,218.5182,-30.6655,-55.0000
LINETO,218.5217,-31.5220,-55.0000
LINETO,221.2207,-32.0134,-55.0000
LINETO,222.7674,-32.9400,-55.0000
LINETO,222.7843,-34.9499,-55.0000
LINETO,220.8959,-35.9010,-55.0000
LINETO,217.6131,-36.3971,-55.0000
LINETO,214.4737,-36.2691,-55.0000
LINETO,211.8618,-35.5907,-55.0000
LINETO,201.0103,-44.8704,-55.0000
LINETO,211.9149,-35.7271,-55.0000
LINETO,214.5238,-36.3968,-55.0000
LINETO,217.6690,-36.5162,-55.0000
LINETO,220.9772,-36.0009,-55.0000
LINETO,222.9299,-35.0550,-55.0000
LINETO,222.9124,-32.8346,-55.0000
LINETO,221.5087,-31.9947,-55.0000
LINETO,218.7441,-31.3932,-55.0000
LINETO,218.6486,-30.7386,-55.0000
LINETO,226.4369,-23.9974,-55.0000
LINETO,230.1175,-23.9256,-55.0000
LINETO,232.5001,-23.1168,-55.0000
LINETO,232.4304,-21.3034,-55.0000
LINETO,230.5648,-20.3428,-55.0000
LINETO,234.1409,-17.0706,-55.0000
LINETO,230.4386,-20.1193,-55.0000
LINETO,230.6183,-19.7663,-55.0000
LINETO,229.6952,-20.3297,-55.0000
LINETO,229.4367,-12.6170,-55.0000
LINETO,229.4002,-16.4906,-55.0000
MOVETO,229.4247,-12.1907,-45.0000
LINETO,229.4247,-12.1907,-55.0000
LINETO,229.4247,-12.1907,-55.0000
MOVETO,229.1307,-9.8998,-45.0000
LINETO,229.1307,-9.8998,-55.0000
LINETO,229.0696,-19.9080,-55.0000
LINETO,228.5228,-20.0182,-55.0000
LINETO,228.8172,-0.2920,-55.0000
LINETO,228.4499,-3.0594,-55.0000
LINETO,228.3966,-20.1290,-55.0000
LINETO,229.2009,-19.8530,-55.0000
LINETO,229.1920,0.1338,-55.0000
LINETO,229.1307,-9.8998,-55.0000
MOVETO,229.4369,-6.1267,-45.0000
LINETO,229.4369,-6.1267,-55.0000
LINETO,229.4457,-9.6550,-55.0000
LINETO,234.0540,-9.5708,-55.0000
LINETO,234.3717,-3.1680,-55.0000
LINETO,233.9699,-9.5204,-55.0000
LINETO,229.5117,-9.5934,-55.0000
LINETO,229.4371,-2.6318,-55.0000
LINETO,229.4369,-6.1267,-55.0000
MOVETO,226.6805,-5.9797,-45.0000
LINETO,226.6805,-5.9797,-55.0000
LINETO,225.4753,-7.3064,-55.0000
LINETO,227.0028,-5.5514,-55.0000
LINETO,226.6805,-5.9797,-55.0000
MOVETO,225.4432,-4.7791,-45.0000
LINETO,225.4432,-4.7791,-55.0000
LINETO,225.6707,-4.5756,-55.0000
LINETO,225.4432,-4.7791,-55.0000
MOVETO,225.7495,-4.3504,-45.0000
LINETO,225.7495,-4.3504,-55.0000
LINETO,225.7495,-4.3504,-55.0000
MOVETO,224.5980,-5.5509,-45.0000
LINETO,224.5980,-5.5509,-55.0000
LINETO,224.8247,-5.4301,-55.0000
LINETO,224.5980,-5.5509,-55.0000
MOVETO,223.5567,-5.5387,-45.0000
LINETO,223.5567,-5.5387,-55.0000
LINETO,224.3565,-5.7867,-55.0000
LINETO,223.5567,-5.5387,-55.0000
MOVETO,223.0054,-5.1099,-45.0000
LINETO,223.0054,-5.1099,-55.0000
LINETO,223.3696,-5.4278,-55.0000
LINETO,223.0054,-5.1099,-55.0000
MOVETO,222.0866,-4.2033,-45.0000
LINETO,222.0866,-4.2033,-55.0000
LINETO,222.3776,-4.4417,-55.0000
LINETO,221.9181,-3.9650,-55.0000
LINETO,222.0866,-4.2033,-55.0000
MOVETO,221.5353,-3.4561,-45.0000
LINETO,221.5353,-3.4561,-55.0000
LINETO,221.8189,-3.7944,-55.0000
LINETO,221.5353,-3.4561,-55.0000
MOVETO,221.2291,-2.9783,-45.0000
LINETO,221.2291,-2.9783,-55.0000
LINETO,221.2291,-2.9783,-55.0000
MOVETO,220.9228,-2.4883,-45.0000
LINETO,220.9228,-2.4883,-55.0000
LINETO,221.1187,-2.7333,-55.0000
LINETO,220.8494,-2.2433,-55.0000
LINETO,220.9228,-2.4883,-55.0000
MOVETO,220.0653,-0.8467,-45.0000
LINETO,220.0653,-0.8467,-55.0000
LINETO,220.3949,-1.3675,-55.0000
LINETO,220.0653,-0.8467,-55.0000
MOVETO,218.5952,-1.9247,-45.0000
LINETO,218.5952,-1.9247,-55.0000
LINETO,220.1946,-4.8521,-55.0000
LINETO,221.8108,-6.7550,-55.0000
LINETO,223.6169,-7.6912,-55.0000
LINETO,225.0714,-7.4570,-55.0000
LINETO,223.5144,-7.5627,-55.0000
LINETO,221.8614,-6.5765,-55.0000
LINETO,218.5312,-1.6314,-55.0000
LINETO,218.5952,-1.9247,-55.0000
MOVETO,216.0593,6.6751,-45.0000
LINETO,216.0593,6.6751,-55.0000
LINETO,216.2034,6.9389,-55.0000
LINETO,215.2309,5.4691,-55.0000
LINETO,216.0471,6.6604,-55.0000
LINETO,215.7735,6.8028,-55.0000
LINETO,216.3732,7.0208,-55.0000
LINETO,215.6166,5.2054,-55.0000
LINETO,216.2620,3.5486,-55.0000
LINETO,217.7216,2.2937,-55.0000
LINETO,216.3835,3.0961,-55.0000
LINETO,215.5908,5.0555,-55.0000
LINETO,215.0450,5.4837,-55.0000
LINETO,215.7531,6.7854,-55.0000
MOVETO,214.7363,-10.0836,-45.0000
LINETO,214.7363,-10.0836,-55.0000
LINETO,215.5326,-10.0872,-55.0000
LINETO,215.4159,-17.4311,-55.0000
LINETO,200.9816,-24.2656,-55.0000
LINETO,215.5278,-17.5455,-55.0000
LINETO,215.4713,-31.5668,-55.0000
LINETO,212.9210,-32.1459,-55.0000
LINETO,211.4132,-32.9240,-55.0000
LINETO,211.0800,-34.6345,-55.0000
LINETO,211.4247,-35.4422,-55.0000
LINETO,211.1910,-34.4670,-55.0000
LINETO,211.5332,-33.0463,-55.0000
LINETO,213.0927,-32.2278,-55.0000
LINETO,215.6551,-31.6394,-55.0000
LINETO,215.6543,-9.9611,-55.0000
LINETO,214.7363,-10.0836,-55.0000
MOVETO,211.3551,-10.1694,-45.0000
LINETO,211.3551,-10.1694,-55.0000
LINETO,213.8751,-10.0102,-55.0000
LINETO,211.3551,-10.1694,-55.0000
MOVETO,210.3138,-11.3332,-45.0000
LINETO,210.3138,-11.3332,-55.0000
LINETO,210.3138,-11.3332,-55.0000
MOVETO,209.7013,-11.8232,-45.0000
LINETO,209.7013,-11.8232,-55.0000
LINETO,209.4757,-12.0963,-55.0000
LINETO,209.9936,-11.5574,-55.0000
LINETO,209.7013,-11.8232,-55.0000
MOVETO,204.9726,-9.8018,-45.0000
LINETO,204.9726,-9.8018,-55.0000
LINETO,204.9726,-9.8018,-55.0000
MOVETO,204.5438,-9.6793,-45.0000
LINETO,204.5438,-9.6793,-55.0000
LINETO,204.5438,-9.6793,-55.0000
MOVETO,201.8732,-8.0010,-45.0000
LINETO,201.8732,-8.0010,-55.0000
LINETO,201.8732,-8.0010,-55.0000
MOVETO,201.0157,-7.3885,-45.0000
LINETO,201.0157,-7.3885,-55.0000
LINETO,201.2787,-7.4687,-55.0000
LINETO,201.0157,-7.3885,-55.0000
MOVETO,201.3954,-11.2964,-45.0000
LINETO,201.3954,-11.2964,-55.0000
LINETO,204.6620,-12.8959,-55.0000
LINETO,207.3021,-12.7075,-55.0000
LINETO,204.5248,-12.7436,-55.0000
LINETO,201.0500,-10.9434,-55.0000
LINETO,201.3954,-11.2964,-55.0000
MOVETO,201.3464,-11.7252,-45.0000
LINETO,201.3464,-11.7252,-55.0000
LINETO,203.5620,-12.9021,-55.0000
LINETO,205.7067,-13.3865,-55.0000
LINETO,207.3461,-13.1536,-55.0000
LINETO,209.2582,-12.2023,-55.0000
LINETO,205.6926,-13.2632,-55.0000
LINETO,203.8226,-12.8636,-55.0000
LINETO,201.0260,-11.4379,-55.0000
LINETO,201.3464,-11.7252,-55.0000
MOVETO,201.3832,-24.4902,-45.0000
LINETO,201.3832,-24.4902,-55.0000
LINETO,215.2153,-24.6004,-55.0000
LINETO,201.3832,-24.4902,-55.0000
MOVETO,218.4359,-12.1294,-45.0000
LINETO,218.4359,-12.1294,-55.0000
LINETO,218.5081,-30.2969,-55.0000
LINETO,224.3529,-25.3237,-55.0000
LINETO,218.5700,-30.1002,-55.0000
LINETO,218.4849,-16.1824,-55.0000
LINETO,219.4973,-15.6421,-55.0000
LINETO,218.5454,-15.8780,-55.0000
LINETO,218.4359,-12.1294,-55.0000
MOVETO,218.3747,-11.4924,-45.0000
LINETO,218.3747,-11.4924,-55.0000
LINETO,218.3747,-11.4924,-55.0000
MOVETO,223.0054,-9.9611,-45.0000
LINETO,223.0054,-9.9611,-55.0000
LINETO,218.4312,-10.0226,-55.0000
LINETO,227.5995,-10.1549,-55.0000
LINETO,227.5263,-20.1031,-55.0000
LINETO,224.6566,-21.1111,-55.0000
LINETO,224.1271,-22.1979,-55.0000
LINETO,224.3240,-23.1740,-55.0000
LINETO,226.1266,-23.7749,-55.0000
LINETO,224.4045,-23.0059,-55.0000
LINETO,224.2474,-22.1859,-55.0000
LINETO,225.0450,-21.0708,-55.0000
LINETO,227.5929,-20.3496,-55.0000
LINETO,227.6760,-10.0930,-55.0000
LINETO,223.0054,-9.9611,-55.0000
MOVETO,236.4075,-10.0469,-45.0000
LINETO,236.4075,-10.0469,-55.0000
LINETO,237.4939,-10.0957,-55.0000
LINETO,237.4349,-11.9505,-55.0000
LINETO,237.5231,-10.0381,-55.0000
LINETO,235.3206,-10.0102,-55.0000
LINETO,236.4075,-10.0469,-55.0000
MOVETO,237.5835,-9.8386,-45.0000
LINETO,237.5835,-9.8386,-55.0000
LINETO,237.5835,-9.8386,-55.0000
MOVETO,237.8653,-12.0069,-45.0000
LINETO,237.8653,-12.0069,-55.0000
LINETO,237.8653,-12.0069,-55.0000
MOVETO,238.5636,-12.1417,-45.0000
LINETO,238.5636,-12.1417,-55.0000
LINETO,237.7687,-12.3119,-55.0000
LINETO,237.9521,-12.7728,-55.0000
LINETO,238.5537,-12.4604,-55.0000
LINETO,238.0356,-12.8959,-55.0000
LINETO,237.4424,-12.3917,-55.0000
LINETO,235.9623,-12.4202,-55.0000
LINETO,236.3270,-12.6191,-55.0000
LINETO,235.8696,-13.0879,-55.0000
LINETO,237.9560,-13.3894,-55.0000
LINETO,239.9318,-12.9799,-55.0000
LINETO,239.9914,-12.7072,-55.0000
LINETO,238.6923,-12.3845,-55.0000
LINETO,238.6430,-12.0445,-55.0000
LINETO,238.1310,-12.6124,-55.0000
LINETO,237.8718,-12.4906,-55.0000
LINETO,238.1901,-12.3583,-55.0000
LINETO,237.1301,-12.5350,-55.0000
LINETO,237.3994,-12.8199,-55.0000
LINETO,237.1362,-13.1986,-55.0000
LINETO,235.9332,-12.9365,-55.0000
LINETO,236.5736,-12.4724,-55.0000
LINETO,239.9632,-12.8719,-55.0000
LINETO,237.9563,-13.2553,-55.0000
LINETO,237.3782,-13.1997,-55.0000
LINETO,238.9597,-12.5421,-55.0000
LINETO,239.6661,-12.7175,-55.0000
MOVETO,239.3599,-12.1662,-45.0000
LINETO,239.3599,-12.1662,-55.0000
LINETO,239.3599,-12.1662,-55.0000
MOVETO,239.7274,-12.0559,-45.0000
LINETO,239.7274,-12.0559,-55.0000
LINETO,240.1227,-11.9437,-55.0000
LINETO,239.7274,-12.0559,-55.0000
MOVETO,241.5527,-10.4634,-45.0000
LINETO,241.5527,-10.4634,-55.0000
LINETO,239.5814,-11.0554,-55.0000
LINETO,238.5066,-10.9662,-55.0000
LINETO,240.5591,-11.3949,-55.0000
LINETO,239.5918,-11.2130,-55.0000
LINETO,241.1166,-10.6746,-55.0000
LINETO,241.3743,-10.8356,-55.0000
LINETO,240.2627,-11.1369,-55.0000
LINETO,241.4627,-11.0439,-55.0000
LINETO,241.2064,-11.4563,-55.0000
LINETO,238.7877,-11.6847,-55.0000
LINETO,240.9524,-11.6364,-55.0000
LINETO,241.6518,-11.3859,-55.0000
LINETO,241.8270,-10.3433,-55.0000
LINETO,241.5527,-10.4634,-55.0000
MOVETO,241.0749,-9.3486,-45.0000
LINETO,241.0749,-9.3486,-55.0000
LINETO,240.5421,-9.5969,-55.0000
LINETO,241.4933,-9.4428,-55.0000
LINETO,241.0749,-9.3486,-55.0000
MOVETO,241.5037,-8.8585,-45.0000
LINETO,241.5037,-8.8585,-55.0000
LINETO,241.5037,-8.8585,-55.0000
MOVETO,246.8082,-10.0469,-45.0000
LINETO,246.8082,-10.0469,-55.0000
LINETO,255.4187,-10.0367,-55.0000
LINETO,245.8866,-10.0363,-55.0000
LINETO,246.8082,-10.0469,-55.0000
MOVETO,237.9143,-3.1621,-45.0000
LINETO,237.9143,-3.1621,-55.0000
LINETO,237.8755,-11.4907,-55.0000
LINETO,238.0264,-2.6712,-55.0000
LINETO,237.9143,-3.1621,-55.0000
MOVETO,238.1961,1.3094,-45.0000
LINETO,238.1961,1.3094,-55.0000
LINETO,237.7906,1.4667,-55.0000
LINETO,237.5772,0.4819,-55.0000
LINETO,238.5973,0.4353,-55.0000
LINETO,238.5236,1.3613,-55.0000
LINETO,238.3793,1.0670,-55.0000
LINETO,237.6474,1.5348,-55.0000
LINETO,238.1611,1.6703,-55.0000
LINETO,238.7162,1.3172,-55.0000
LINETO,238.7316,0.3538,-55.0000
LINETO,237.7298,0.1616,-55.0000
LINETO,237.4040,0.4909,-55.0000
LINETO,237.6448,1.5299,-55.0000
MOVETO,237.2283,1.5177,-45.0000
LINETO,237.2283,1.5177,-55.0000
LINETO,237.0298,0.5535,-55.0000
LINETO,237.5573,-0.4843,-55.0000
LINETO,237.0988,0.6642,-55.0000
LINETO,237.2283,1.5177,-55.0000
MOVETO,238.7473,1.6769,-45.0000
LINETO,238.7473,1.6769,-55.0000
LINETO,238.7473,1.6769,-55.0000
MOVETO,238.9311,1.3094,-45.0000
LINETO,238.9311,1.3094,-55.0000
LINETO,238.9311,1.3094,-55.0000
MOVETO,258.7769,-0.1607,-45.0000
LINETO,258.7769,-0.1607,-55.0000
LINETO,258.7769,-0.1607,-55.0000
MOVETO,259.1567,0.0598,-45.0000
LINETO,259.1567,0.0598,-55.0000
LINETO,259.4048,-0.7218,-55.0000
LINETO,260.1153,-0.1636,-55.0000
LINETO,259.6077,0.3148,-55.0000
LINETO,259.1694,0.0875,-55.0000
LINETO,259.9884,-0.1121,-55.0000
LINETO,259.4841,-0.6363,-55.0000
LINETO,259.2856,-0.0123,-55.0000
LINETO,259.8305,0.0353,-55.0000
MOVETO,259.4017,-0.0872,-45.0000
LINETO,259.4017,-0.0872,-55.0000
LINETO,259.4444,-0.3402,-55.0000
LINETO,259.4017,-0.0872,-55.0000
MOVETO,259.9775,-0.7364,-45.0000
LINETO,259.9775,-0.7364,-55.0000
LINETO,260.4243,-3.2087,-55.0000
LINETO,260.8499,-0.8986,-55.0000
LINETO,260.5627,-0.5832,-55.0000
LINETO,260.3371,-2.7291,-55.0000
LINETO,259.9581,-1.1875,-55.0000
LINETO,260.2293,-0.5299,-55.0000
LINETO,259.9775,-0.7364,-55.0000
MOVETO,259.5120,-1.5205,-45.0000
LINETO,259.5120,-1.5205,-55.0000
LINETO,259.7540,-1.4241,-55.0000
LINETO,259.5120,-1.5205,-55.0000
MOVETO,259.6467,-2.0350,-45.0000
LINETO,259.6467,-2.0350,-55.0000
LINETO,260.2251,-3.6812,-55.0000
LINETO,259.6467,-2.0350,-55.0000
MOVETO,259.6590,-3.5908,-45.0000
LINETO,259.6590,-3.5908,-55.0000
LINETO,259.6983,-3.8484,-55.0000
LINETO,259.6989,-3.3278,-55.0000
LINETO,259.6590,-3.5908,-55.0000
MOVETO,259.2425,-4.7791,-45.0000
LINETO,259.2425,-4.7791,-55.0000
LINETO,259.1610,-8.8586,-55.0000
LINETO,258.1373,-9.4765,-55.0000
LINETO,244.4152,-9.5713,-55.0000
LINETO,242.4812,-9.1502,-55.0000
LINETO,241.6465,-9.4397,-55.0000
LINETO,242.5036,-9.2910,-55.0000
LINETO,242.9210,-9.7084,-55.0000
LINETO,242.3752,-9.5120,-55.0000
LINETO,241.8139,-9.7023,-55.0000
LINETO,242.6263,-9.7673,-55.0000
LINETO,242.2045,-9.9837,-55.0000
LINETO,240.5240,-9.9581,-55.0000
LINETO,250.7178,-9.7163,-55.0000
LINETO,260.5765,-9.9962,-55.0000
LINETO,260.7053,-9.7811,-55.0000
LINETO,258.2919,-9.7037,-55.0000
LINETO,259.6132,-9.2856,-55.0000
LINETO,259.9716,-9.8308,-55.0000
LINETO,260.8011,-8.8911,-55.0000
LINETO,261.0460,-2.7753,-55.0000
LINETO,260.8386,-3.6314,-55.0000
LINETO,260.7112,-3.1371,-55.0000
LINETO,260.2909,-3.9149,-55.0000
LINETO,260.7370,-3.8306,-55.0000
LINETO,260.6421,-9.1184,-55.0000
LINETO,260.0407,-8.5633,-55.0000
LINETO,259.9776,-3.8358,-55.0000
LINETO,260.0523,-9.2281,-55.0000
LINETO,259.4002,-8.9949,-55.0000
LINETO,259.3026,-0.8827,-55.0000
LINETO,259.1321,-9.4466,-55.0000
LINETO,258.6701,-9.3355,-55.0000
LINETO,259.1322,-9.4466,-55.0000
MOVETO,259.1445,-10.5124,-45.0000
LINETO,259.1445,-10.5124,-55.0000
LINETO,259.4946,-10.7457,-55.0000
LINETO,258.9740,-10.2074,-55.0000
LINETO,259.1445,-10.5124,-55.0000
MOVETO,259.5487,-11.2352,-45.0000
LINETO,259.5487,-11.2352,-55.0000
LINETO,260.1332,-11.5977,-55.0000
LINETO,262.8188,-11.6549,-55.0000
LINETO,259.5487,-11.2352,-55.0000
MOVETO,260.8595,-11.8844,-45.0000
LINETO,260.8595,-11.8844,-55.0000
LINETO,261.7120,-12.3227,-55.0000
LINETO,260.8595,-11.8844,-55.0000
MOVETO,261.5701,-11.3944,-45.0000
LINETO,261.5701,-11.3944,-55.0000
LINETO,261.9067,-11.3688,-55.0000
LINETO,261.5701,-11.3944,-55.0000
MOVETO,261.6558,-10.1694,-45.0000
LINETO,261.6558,-10.1694,-55.0000
LINETO,259.6730,-10.8606,-55.0000
LINETO,260.8307,-11.1467,-55.0000
LINETO,259.7188,-10.9060,-55.0000
LINETO,260.4836,-10.5829,-55.0000
LINETO,261.6402,-10.8549,-55.0000
LINETO,260.8793,-10.7327,-55.0000
LINETO,261.1707,-10.4678,-55.0000
LINETO,262.4777,-10.8536,-55.0000
LINETO,261.5654,-11.1560,-55.0000
LINETO,262.6639,-10.8603,-55.0000
LINETO,261.7834,-10.1930,-55.0000
LINETO,262.7511,-10.0093,-55.0000
LINETO,261.6558,-10.1694,-55.0000
MOVETO,260.8595,-9.7773,-45.0000
LINETO,260.8595,-9.7773,-55.0000
LINETO,260.9590,-10.2061,-55.0000
LINETO,260.9123,-9.3499,-55.0000
LINETO,260.8595,-9.7773,-55.0000
MOVETO,259.6835,-7.8173,-45.0000
LINETO,259.6835,-7.8173,-55.0000
LINETO,259.7003,-8.5521,-55.0000
LINETO,259.7027,-7.0393,-55.0000
LINETO,259.6835,-7.8173,-55.0000
MOVETO,261.2761,-6.7760,-45.0000
LINETO,261.2761,-6.7760,-55.0000
LINETO,261.2999,-8.9305,-55.0000
LINETO,261.3000,-4.6171,-55.0000
LINETO,261.2761,-6.7760,-55.0000
MOVETO,263.3586,-6.0409,-45.0000
LINETO,263.3586,-6.0409,-55.0000
LINETO,263.3465,-9.8835,-55.0000
LINETO,263.4332,-2.6627,-55.0000
LINETO,263.3586,-6.0409,-55.0000
MOVETO,265.9068,-6.5677,-45.0000
LINETO,265.9068,-6.5677,-55.0000
LINETO,265.8724,-9.6054,-55.0000
LINETO,264.0055,-9.5332,-55.0000
LINETO,263.8488,-3.9023,-55.0000
LINETO,263.8609,-9.6440,-55.0000
LINETO,265.9447,-9.5659,-55.0000
LINETO,265.9436,-3.5394,-55.0000
LINETO,265.9068,-6.5677,-55.0000
MOVETO,266.1885,-7.5110,-45.0000
LINETO,266.1885,-7.5110,-55.0000
LINETO,266.1885,-14.2845,-55.0000
LINETO,266.7455,-14.3946,-55.0000
LINETO,266.3760,-1.2180,-55.0000
LINETO,266.4792,-14.2250,-55.0000
LINETO,266.3432,-13.1268,-55.0000
LINETO,266.1887,-0.7355,-55.0000
LINETO,266.1885,-7.5110,-55.0000
MOVETO,265.0615,-10.0469,-45.0000
LINETO,265.0615,-10.0469,-55.0000
LINETO,265.7296,-10.0307,-55.0000
LINETO,265.0615,-10.0469,-55.0000
MOVETO,263.7017,-10.0223,-45.0000
LINETO,263.7017,-10.0223,-55.0000
LINETO,263.7017,-10.0223,-55.0000
MOVETO,263.8609,-10.6961,-45.0000
LINETO,263.8609,-10.6961,-55.0000
LINETO,263.7826,-12.2913,-55.0000
LINETO,261.5720,-12.6289,-55.0000
LINETO,261.3473,-13.5053,-55.0000
LINETO,263.9515,-13.9482,-55.0000
LINETO,264.3972,-13.5313,-55.0000
LINETO,262.7597,-13.8358,-55.0000
LINETO,261.3536,-13.2307,-55.0000
LINETO,265.3140,-13.3709,-55.0000
LINETO,265.3278,-12.6671,-55.0000
LINETO,265.7573,-12.8481,-55.0000
LINETO,264.0699,-12.0516,-55.0000
LINETO,263.9600,-10.5745,-55.0000
LINETO,263.5537,-12.5695,-55.0000
LINETO,263.0718,-12.6968,-55.0000
LINETO,264.2236,-12.3260,-55.0000
LINETO,265.3256,-12.9451,-55.0000
LINETO,263.3443,-13.2576,-55.0000
LINETO,261.4721,-12.8999,-55.0000
LINETO,262.4623,-12.5337,-55.0000
LINETO,262.9613,-13.0365,-55.0000
LINETO,264.0174,-13.0975,-55.0000
LINETO,264.3666,-12.4514,-55.0000
LINETO,263.5585,-13.0189,-55.0000
LINETO,262.8197,-12.5875,-55.0000
LINETO,263.5547,-12.5582,-55.0000
MOVETO,262.6236,-12.0682,-45.0000
LINETO,262.6236,-12.0682,-55.0000
LINETO,262.6236,-12.0682,-55.0000
MOVETO,263.4077,-11.1862,-45.0000
LINETO,263.4077,-11.1862,-55.0000
LINETO,263.4651,-12.0432,-55.0000
LINETO,263.5048,-10.3288,-55.0000
LINETO,263.4077,-11.1862,-55.0000
MOVETO,264.6327,-12.6195,-45.0000
LINETO,264.6327,-12.6195,-55.0000
LINETO,264.6327,-12.6195,-55.0000
MOVETO,264.9390,-13.7220,-45.0000
LINETO,264.9390,-13.7220,-55.0000
LINETO,264.9390,-13.7220,-55.0000
MOVETO,264.9022,-13.8935,-45.0000
LINETO,264.9022,-13.8935,-55.0000
LINETO,264.2963,-14.1042,-55.0000
LINETO,265.7478,-13.6584,-55.0000
LINETO,264.9022,-13.8935,-55.0000
MOVETO,265.3922,-13.5138,-45.0000
LINETO,265.3922,-13.5138,-55.0000
LINETO,265.6190,-13.3929,-55.0000
LINETO,265.3922,-13.5138,-55.0000
MOVETO,265.8578,-14.2855,-45.0000
LINETO,265.8578,-14.2855,-55.0000
LINETO,265.8709,-14.5444,-55.0000
LINETO,265.8578,-14.2855,-55.0000
MOVETO,266.1273,-14.8736,-45.0000
LINETO,266.1273,-14.8736,-55.0000
LINETO,266.6479,-15.3263,-55.0000
LINETO,267.1465,-14.7440,-55.0000
LINETO,266.8453,-15.1062,-55.0000
LINETO,266.7409,-14.6782,-55.0000
LINETO,266.1746,-14.5925,-55.0000
LINETO,266.6544,-14.9854,-55.0000
LINETO,266.3714,-15.1669,-55.0000
LINETO,266.3780,-14.6785,-55.0000
LINETO,266.6540,-14.9838,-55.0000
MOVETO,266.9358,-14.1875,-45.0000
LINETO,266.9358,-14.1875,-55.0000
LINETO,266.9358,-14.1875,-55.0000
MOVETO,267.2298,-13.9425,-45.0000
LINETO,267.2298,-13.9425,-55.0000
LINETO,267.3995,-14.5621,-55.0000
LINETO,269.1138,-15.0953,-55.0000
LINETO,269.7973,-15.9646,-55.0000
LINETO,271.0664,-15.9012,-55.0000
LINETO,270.0433,-15.7936,-55.0000
LINETO,269.2605,-15.0369,-55.0000
LINETO,267.5177,-14.4664,-55.0000
LINETO,267.3458,-13.3917,-55.0000
LINETO,267.2298,-13.9425,-55.0000
MOVETO,267.2298,-15.7679,-45.0000
LINETO,267.2298,-15.7679,-55.0000
LINETO,267.5934,-15.8626,-55.0000
LINETO,267.2298,-15.7679,-55.0000
MOVETO,268.4794,-16.9194,-45.0000
LINETO,268.4794,-16.9194,-55.0000
LINETO,267.6444,-17.1502,-55.0000
LINETO,269.5346,-16.7339,-55.0000
LINETO,268.4794,-16.9194,-55.0000
MOVETO,269.8024,-16.8949,-45.0000
LINETO,269.8024,-16.8949,-55.0000
LINETO,271.0260,-16.9260,-55.0000
LINETO,269.8024,-16.8949,-55.0000
MOVETO,269.7412,-16.3436,-45.0000
LINETO,269.7412,-16.3436,-55.0000
LINETO,269.7412,-16.3436,-55.0000
MOVETO,268.0874,-18.4507,-45.0000
LINETO,268.0874,-18.4507,-55.0000
LINETO,268.8804,-19.2066,-55.0000
LINETO,268.0874,-18.4507,-55.0000
MOVETO,267.4748,-17.8627,-45.0000
LINETO,267.4748,-17.8627,-55.0000
LINETO,267.9547,-18.2912,-55.0000
LINETO,267.1175,-17.4342,-55.0000
LINETO,267.4748,-17.8627,-55.0000
MOVETO,266.1273,-17.2992,-45.0000
LINETO,266.1273,-17.2992,-55.0000
LINETO,269.5526,-20.3744,-55.0000
LINETO,268.9807,-20.7032,-55.0000
LINETO,269.6484,-20.5105,-55.0000
LINETO,266.8634,-17.4978,-55.0000
LINETO,265.7079,-17.2252,-55.0000
LINETO,266.1273,-17.2992,-55.0000
MOVETO,264.5347,-17.0052,-45.0000
LINETO,264.5347,-17.0052,-55.0000
LINETO,265.2605,-17.1619,-55.0000
LINETO,264.2183,-16.8349,-55.0000
LINETO,264.5347,-17.0052,-55.0000
MOVETO,263.8487,-16.0129,-45.0000
LINETO,263.8487,-16.0129,-55.0000
LINETO,264.2640,-16.5978,-55.0000
LINETO,265.9618,-16.9690,-55.0000
LINETO,267.9620,-16.7898,-55.0000
LINETO,265.1357,-16.7505,-55.0000
LINETO,263.9224,-16.0869,-55.0000
LINETO,266.4865,-16.5515,-55.0000
LINETO,269.4330,-16.2019,-55.0000
LINETO,268.0277,-16.8210,-55.0000
LINETO,269.5569,-16.2136,-55.0000
LINETO,266.6588,-16.4499,-55.0000
LINETO,263.8487,-16.0129,-55.0000
MOVETO,263.6282,-15.3758,-45.0000
LINETO,263.6282,-15.3758,-55.0000
LINETO,263.5935,-16.2899,-55.0000
LINETO,263.7350,-15.1301,-55.0000
LINETO,263.6282,-15.3758,-55.0000
MOVETO,264.6082,-15.0206,-45.0000
LINETO,264.6082,-15.0206,-55.0000
LINETO,263.9431,-15.6302,-55.0000
LINETO,265.2009,-16.0677,-55.0000
LINETO,267.8683,-16.1560,-55.0000
LINETO,269.5135,-15.6530,-55.0000
LINETO,265.3189,-15.9667,-55.0000
LINETO,264.1415,-15.4726,-55.0000
LINETO,265.4568,-14.9838,-55.0000
LINETO,266.1494,-15.5771,-55.0000
LINETO,267.0255,-15.6818,-55.0000
LINETO,267.8180,-14.8946,-55.0000
LINETO,266.8468,-15.5945,-55.0000
LINETO,265.7425,-14.8920,-55.0000
LINETO,264.6082,-15.0206,-55.0000
MOVETO,263.3586,-14.2733,-45.0000
LINETO,263.3586,-14.2733,-55.0000
LINETO,264.1153,-14.8792,-55.0000
LINETO,264.7080,-14.7629,-55.0000
LINETO,263.3586,-14.2733,-55.0000
MOVETO,261.0065,-13.1462,-45.0000
LINETO,261.0065,-13.1462,-55.0000
LINETO,261.0459,-13.4038,-55.0000
LINETO,261.0465,-12.8832,-55.0000
LINETO,261.0065,-13.1462,-55.0000
MOVETO,267.0338,-11.6149,-45.0000
LINETO,267.0338,-11.6149,-55.0000
LINETO,267.0580,-12.9197,-55.0000
LINETO,267.0566,-10.3509,-55.0000
LINETO,267.0338,-11.6149,-55.0000
MOVETO,267.2298,-11.3087,-45.0000
LINETO,267.2298,-11.3087,-55.0000
LINETO,267.3296,-12.6560,-55.0000
LINETO,267.3437,-10.0958,-55.0000
LINETO,271.0813,-10.0102,-55.0000
LINETO,267.2596,-9.9615,-55.0000
LINETO,267.2298,-11.3087,-55.0000
MOVETO,271.2970,-9.8631,-45.0000
LINETO,271.2970,-9.8631,-55.0000
LINETO,271.5185,-20.0061,-55.0000
LINETO,271.3337,0.2498,-55.0000
LINETO,271.2970,-9.8631,-55.0000
MOVETO,272.5466,-12.3500,-45.0000
LINETO,272.5466,-12.3500,-55.0000
LINETO,272.5696,-14.0682,-55.0000
LINETO,272.5705,-10.5867,-55.0000
LINETO,272.5466,-12.3500,-55.0000
MOVETO,272.5343,-16.6989,-45.0000
LINETO,272.5343,-16.6989,-55.0000
LINETO,272.5649,-17.2611,-55.0000
LINETO,272.5651,-16.1319,-55.0000
LINETO,272.5343,-16.6989,-55.0000
MOVETO,271.0275,-18.7202,-45.0000
LINETO,271.0275,-18.7202,-55.0000
LINETO,270.9669,-20.2967,-55.0000
LINETO,270.1770,-20.3218,-55.0000
LINETO,269.4040,-19.7083,-55.0000
LINETO,269.9674,-20.3949,-55.0000
LINETO,271.0757,-20.2602,-55.0000
LINETO,271.0881,-17.1437,-55.0000
LINETO,271.0275,-18.7202,-55.0000
MOVETO,271.3215,-20.2760,-45.0000
LINETO,271.3215,-20.2760,-55.0000
LINETO,271.3431,-21.2551,-55.0000
LINETO,271.8250,-21.4700,-55.0000
LINETO,272.4778,-21.2669,-55.0000
LINETO,272.5250,-20.3990,-55.0000
LINETO,271.3819,-20.2081,-55.0000
LINETO,271.9093,-21.2867,-55.0000
LINETO,272.4606,-20.5707,-55.0000
LINETO,272.3386,-21.2092,-55.0000
LINETO,271.6657,-21.3083,-55.0000
LINETO,271.4121,-20.3408,-55.0000
LINETO,271.8973,-20.9008,-55.0000
MOVETO,272.3750,-20.0065,-45.0000
LINETO,272.3750,-20.0065,-55.0000
LINETO,272.3750,-20.0065,-55.0000
MOVETO,273.8206,-20.8273,-45.0000
LINETO,273.8206,-20.8273,-55.0000
LINETO,273.8206,-20.8273,-55.0000
MOVETO,274.2494,-20.9498,-45.0000
LINETO,274.2494,-20.9498,-55.0000
LINETO,274.2494,-20.9498,-55.0000
MOVETO,275.3764,-21.3541,-45.0000
LINETO,275.3764,-21.3541,-55.0000
LINETO,275.3764,-21.3541,-55.0000
MOVETO,275.4867,-23.4612,-45.0000
LINETO,275.4867,-23.4612,-55.0000
LINETO,275.4867,-23.4612,-55.0000
MOVETO,273.7961,-23.7920,-45.0000
LINETO,273.7961,-23.7920,-55.0000
LINETO,281.7888,-23.8655,-55.0000
LINETO,281.7102,-31.3995,-55.0000
LINETO,274.0529,-24.1847,-55.0000
LINETO,281.7915,-31.4961,-55.0000
LINETO,281.9305,-23.7491,-55.0000
LINETO,273.7961,-23.7920,-55.0000
MOVETO,272.6813,-21.9789,-45.0000
LINETO,272.6813,-21.9789,-55.0000
LINETO,273.6628,-22.3075,-55.0000
LINETO,272.6813,-21.9789,-55.0000
MOVETO,269.3737,-22.7262,-45.0000
LINETO,269.3737,-22.7262,-55.0000
LINETO,268.2160,-22.4095,-55.0000
LINETO,269.2868,-23.2206,-55.0000
LINETO,271.5991,-23.5338,-55.0000
LINETO,274.7498,-23.2625,-55.0000
LINETO,275.7950,-22.5642,-55.0000
LINETO,271.5097,-23.0253,-55.0000
LINETO,268.1142,-22.2551,-55.0000
LINETO,272.2004,-22.9244,-55.0000
LINETO,275.9259,-22.4380,-55.0000
LINETO,275.8366,-22.9366,-55.0000
LINETO,275.1982,-23.2681,-55.0000
LINETO,272.0102,-23.6816,-55.0000
LINETO,269.2695,-23.3271,-55.0000
LINETO,268.2571,-22.8870,-55.0000
LINETO,268.1364,-22.4811,-55.0000
MOVETO,268.3079,-20.9498,-45.0000
LINETO,268.3079,-20.9498,-55.0000
LINETO,267.8775,-21.6464,-55.0000
LINETO,268.0750,-23.1164,-55.0000
LINETO,270.3880,-23.8826,-55.0000
LINETO,273.3376,-23.9882,-55.0000
LINETO,280.9007,-31.1942,-55.0000
LINETO,273.5411,-23.9498,-55.0000
LINETO,270.3209,-23.7417,-55.0000
LINETO,268.1900,-23.0484,-55.0000
LINETO,268.0506,-21.4576,-55.0000
LINETO,268.7817,-20.7577,-55.0000
LINETO,268.3079,-20.9498,-55.0000
MOVETO,269.4104,-20.8518,-45.0000
LINETO,269.4104,-20.8518,-55.0000
LINETO,268.4143,-21.2152,-55.0000
LINETO,268.2605,-21.7297,-55.0000
LINETO,270.2363,-22.5600,-55.0000
LINETO,273.7655,-22.6216,-55.0000
LINETO,275.9246,-21.8442,-55.0000
LINETO,273.6753,-22.4982,-55.0000
LINETO,270.2400,-22.4383,-55.0000
LINETO,268.3831,-21.5466,-55.0000
LINETO,270.6964,-20.7436,-55.0000
LINETO,271.1137,-21.6163,-55.0000
LINETO,272.4099,-21.7853,-55.0000
LINETO,272.9380,-20.6524,-55.0000
LINETO,272.6074,-21.5474,-55.0000
LINETO,272.0768,-21.7203,-55.0000
LINETO,271.2369,-21.4775,-55.0000
LINETO,270.9034,-20.6464,-55.0000
LINETO,269.4104,-20.8518,-55.0000
MOVETO,277.3365,-16.2211,-45.0000
LINETO,277.3365,-16.2211,-55.0000
LINETO,273.4638,-16.0097,-55.0000
LINETO,272.8659,-16.4398,-55.0000
LINETO,273.4596,-16.7971,-55.0000
LINETO,277.2838,-16.6284,-55.0000
LINETO,277.4083,-9.9600,-55.0000
LINETO,281.9149,-9.8666,-55.0000
LINETO,272.8653,-10.1126,-55.0000
LINETO,272.9261,-15.8492,-55.0000
LINETO,277.3968,-15.8635,-55.0000
LINETO,277.7301,-16.2417,-55.0000
LINETO,276.9345,-16.8782,-55.0000
LINETO,272.9380,-16.9195,-55.0000
LINETO,272.9263,-20.2910,-55.0000
LINETO,275.8807,-21.1358,-55.0000
LINETO,276.2529,-22.5916,-55.0000
LINETO,281.7935,-22.6403,-55.0000
LINETO,281.8691,-15.5453,-55.0000
LINETO,281.8329,-23.4732,-55.0000
LINETO,281.7247,-22.7629,-55.0000
LINETO,276.1724,-22.6549,-55.0000
LINETO,275.6595,-21.1912,-55.0000
LINETO,272.8038,-20.3954,-55.0000
LINETO,272.8038,-10.0494,-55.0000
LINETO,277.3365,-9.9611,-55.0000
MOVETO,276.2095,-5.6367,-45.0000
LINETO,276.2095,-5.6367,-55.0000
LINETO,276.6834,-5.6099,-55.0000
LINETO,276.2095,-5.6367,-55.0000
MOVETO,277.1528,-5.3181,-45.0000
LINETO,277.1528,-5.3181,-55.0000
LINETO,276.9472,-5.5078,-55.0000
LINETO,277.5056,-5.0735,-55.0000
LINETO,277.1528,-5.3181,-55.0000
MOVETO,277.9368,-4.7179,-45.0000
LINETO,277.9368,-4.7179,-55.0000
LINETO,277.7112,-4.9910,-55.0000
LINETO,278.2291,-4.4521,-55.0000
LINETO,277.9368,-4.7179,-55.0000
MOVETO,278.5493,-3.9216,-45.0000
LINETO,278.5493,-3.9216,-55.0000
LINETO,278.3307,-4.2857,-55.0000
LINETO,278.9541,-3.4683,-55.0000
LINETO,278.5493,-3.9216,-55.0000
MOVETO,279.1128,-3.1008,-45.0000
LINETO,279.1128,-3.1008,-55.0000
LINETO,279.0394,-3.3458,-55.0000
LINETO,279.3088,-2.8558,-55.0000
LINETO,279.1128,-3.1008,-55.0000
MOVETO,279.4804,-2.4883,-45.0000
LINETO,279.4804,-2.4883,-55.0000
LINETO,279.4069,-2.7333,-55.0000
LINETO,279.6763,-2.2433,-55.0000
LINETO,279.4804,-2.4883,-55.0000
MOVETO,280.5339,-3.4683,-45.0000
LINETO,280.5339,-3.4683,-55.0000
LINETO,278.3051,-6.2758,-55.0000
LINETO,276.5310,-7.2316,-55.0000
LINETO,277.5739,-6.9625,-55.0000
LINETO,278.8148,-5.9576,-55.0000
LINETO,281.2925,-2.3039,-55.0000
LINETO,280.5339,-3.4683,-55.0000
MOVETO,281.3302,-2.6353,-45.0000
LINETO,281.3302,-2.6353,-55.0000
LINETO,279.5847,-5.4084,-55.0000
LINETO,277.6405,-7.1317,-55.0000
LINETO,276.0730,-7.4806,-55.0000
LINETO,274.1830,-6.4923,-55.0000
LINETO,275.8317,-7.5646,-55.0000
LINETO,277.8005,-7.2102,-55.0000
LINETO,280.0204,-5.1495,-55.0000
LINETO,281.8843,-1.6327,-55.0000
LINETO,281.3302,-2.6353,-55.0000
MOVETO,280.6687,-0.0627,-45.0000
LINETO,280.6687,-0.0627,-55.0000
LINETO,280.2744,-1.1404,-55.0000
LINETO,280.6687,-0.0627,-55.0000
MOVETO,281.1464,0.2313,-45.0000
LINETO,281.1464,0.2313,-55.0000
LINETO,280.9082,-0.7604,-55.0000
LINETO,281.7451,-1.2184,-55.0000
LINETO,282.0484,-0.1138,-55.0000
LINETO,281.6971,-1.0540,-55.0000
LINETO,281.2706,-0.9549,-55.0000
LINETO,281.8425,0.9752,-55.0000
LINETO,281.0734,-0.8365,-55.0000
LINETO,281.5359,0.9370,-55.0000
LINETO,281.1464,0.2313,-55.0000
MOVETO,282.2490,0.3784,-45.0000
LINETO,282.2490,0.3784,-55.0000
LINETO,282.1755,-30.9057,-55.0000
LINETO,283.5329,-31.3082,-55.0000
LINETO,283.4206,0.0067,-55.0000
LINETO,284.0015,-1.1067,-55.0000
LINETO,283.3526,0.5718,-55.0000
LINETO,282.7271,0.5722,-55.0000
LINETO,282.2607,0.4045,-55.0000
LINETO,283.3516,-15.3875,-55.0000
LINETO,283.2872,-31.1545,-55.0000
LINETO,282.2980,-30.7693,-55.0000
LINETO,282.3464,-1.1510,-55.0000
LINETO,282.3818,0.3727,-55.0000
LINETO,282.6576,0.4364,-55.0000
LINETO,283.2659,0.3644,-55.0000
LINETO,283.3515,-15.3758,-55.0000
MOVETO,281.8202,-15.0573,-45.0000
LINETO,281.8202,-15.0573,-55.0000
LINETO,281.8202,-15.0573,-55.0000
MOVETO,281.8447,-11.8599,-45.0000
LINETO,281.8447,-11.8599,-55.0000
LINETO,281.8721,-12.1445,-55.0000
LINETO,281.8753,-11.5409,-55.0000
LINETO,281.8447,-11.8599,-55.0000
MOVETO,281.9305,-5.9184,-45.0000
LINETO,281.9305,-5.9184,-55.0000
LINETO,281.8525,-9.5325,-55.0000
LINETO,272.8731,-9.5935,-55.0000
LINETO,272.7917,-4.3490,-55.0000
LINETO,272.8038,-9.6485,-55.0000
LINETO,281.9241,-9.7161,-55.0000
LINETO,281.9919,-2.3212,-55.0000
LINETO,281.9305,-5.9184,-55.0000
MOVETO,284.6623,-3.1008,-45.0000
LINETO,284.6623,-3.1008,-55.0000
LINETO,284.7585,-9.7161,-55.0000
LINETO,289.1540,-9.6468,-55.0000
LINETO,285.5214,-4.0810,-55.0000
LINETO,289.0480,-9.5935,-55.0000
LINETO,284.8747,-9.5936,-55.0000
LINETO,284.6623,-3.1008,-55.0000
MOVETO,285.1156,-3.4193,-45.0000
LINETO,285.1156,-3.4193,-55.0000
LINETO,285.4452,-3.9401,-55.0000
LINETO,285.1156,-3.4193,-55.0000
MOVETO,284.1356,-1.4715,-45.0000
LINETO,284.1356,-1.4715,-55.0000
LINETO,284.3801,-30.9097,-55.0000
LINETO,283.5955,-31.2625,-55.0000
LINETO,284.4177,-31.0684,-55.0000
LINETO,284.4442,-30.3536,-55.0000
LINETO,284.4658,-4.6896,-55.0000
LINETO,284.1356,-1.4715,-55.0000
MOVETO,285.6669,-1.1285,-45.0000
LINETO,285.6669,-1.1285,-55.0000
LINETO,284.8342,-1.9344,-55.0000
LINETO,285.7763,-3.9634,-55.0000
LINETO,288.5919,-8.4304,-55.0000
LINETO,291.0669,-11.0925,-55.0000
LINETO,295.2027,-12.4643,-55.0000
LINETO,297.3603,-12.1016,-55.0000
LINETO,298.8266,-11.2863,-55.0000
LINETO,296.7972,-12.1305,-55.0000
LINETO,295.1487,-12.3366,-55.0000
LINETO,291.2113,-10.9870,-55.0000
LINETO,289.1035,-8.8273,-55.0000
LINETO,287.0276,-5.8075,-55.0000
LINETO,285.0261,-2.1270,-55.0000
LINETO,285.4380,-1.3687,-55.0000
LINETO,286.0761,-1.2774,-55.0000
LINETO,289.8066,-6.7604,-55.0000
LINETO,293.0675,-9.6082,-55.0000
LINETO,294.6301,-10.2821,-55.0000
LINETO,296.2263,-10.3844,-55.0000
LINETO,298.9017,-9.4171,-55.0000
LINETO,296.0927,-10.2668,-55.0000
LINETO,294.6471,-10.1730,-55.0000
LINETO,293.1615,-9.4554,-55.0000
LINETO,290.0388,-6.7511,-55.0000
LINETO,286.2998,-1.3231,-55.0000
LINETO,285.6669,-1.1285,-55.0000
MOVETO,284.7848,0.1456,-45.0000
LINETO,284.7848,0.1456,-55.0000
LINETO,285.2108,-0.5451,-55.0000
LINETO,284.5069,0.8731,-55.0000
LINETO,284.7848,0.1456,-55.0000
MOVETO,284.8951,0.8561,-45.0000
LINETO,284.8951,0.8561,-55.0000
LINETO,284.3940,1.0406,-55.0000
LINETO,283.9345,0.5247,-55.0000
LINETO,284.5926,-1.0811,-55.0000
LINETO,284.4859,-0.4759,-55.0000
LINETO,284.9640,-0.9483,-55.0000
LINETO,285.8218,-0.6066,-55.0000
LINETO,284.8990,0.8517,-55.0000
LINETO,284.0397,0.9670,-55.0000
LINETO,284.3550,1.1489,-55.0000
LINETO,285.0140,0.9826,-55.0000
LINETO,285.9731,-0.6241,-55.0000
LINETO,284.5345,-1.4950,-55.0000
LINETO,283.7706,0.5427,-55.0000
LINETO,284.0131,0.9419,-55.0000
MOVETO,284.3193,1.5299,-45.0000
LINETO,284.3193,1.5299,-55.0000
LINETO,282.1892,1.4484,-55.0000
LINETO,282.2473,1.0603,-55.0000
LINETO,283.2157,1.0095,-55.0000
LINETO,284.3085,1.5258,-55.0000
LINETO,283.8643,1.6747,-55.0000
LINETO,284.7259,1.6969,-55.0000
LINETO,283.5121,0.8820,-55.0000
LINETO,282.0855,1.0764,-55.0000
LINETO,282.0674,1.6999,-55.0000
LINETO,283.8293,1.6647,-55.0000
MOVETO,284.6991,4.9601,-45.0000
LINETO,284.6991,4.9601,-55.0000
LINETO,284.1322,3.4176,-55.0000
LINETO,282.7294,2.3536,-55.0000
LINETO,284.2043,3.2084,-55.0000
LINETO,284.8391,5.2254,-55.0000
LINETO,284.6991,4.9601,-55.0000
MOVETO,284.0743,6.9569,-45.0000
LINETO,284.0743,6.9569,-55.0000
LINETO,285.0723,5.2639,-55.0000
LINETO,284.2042,6.9179,-55.0000
LINETO,284.9030,6.4352,-55.0000
LINETO,285.3938,5.3364,-55.0000
LINETO,284.9833,6.5507,-55.0000
LINETO,284.0743,6.9569,-55.0000
MOVETO,284.0253,7.4102,-45.0000
LINETO,284.0253,7.4102,-55.0000
LINETO,282.0513,7.2090,-55.0000
LINETO,280.5846,5.3045,-55.0000
LINETO,280.6399,3.8229,-55.0000
LINETO,281.3719,2.6870,-55.0000
LINETO,282.3983,2.1210,-55.0000
LINETO,283.8771,2.0388,-55.0000
LINETO,285.6281,3.2863,-55.0000
LINETO,285.8981,5.4655,-55.0000
LINETO,284.5279,7.1825,-55.0000
LINETO,282.3826,7.5353,-55.0000
LINETO,284.2923,7.4795,-55.0000
LINETO,285.6311,6.3842,-55.0000
LINETO,286.0766,4.8411,-55.0000
LINETO,285.7251,3.1717,-55.0000
LINETO,284.6269,2.1437,-55.0000
LINETO,283.0381,1.9084,-55.0000
LINETO,281.1773,2.6506,-55.0000
LINETO,280.3464,4.5704,-55.0000
LINETO,280.8662,6.3255,-55.0000
LINETO,282.3715,7.5327,-55.0000
MOVETO,282.2000,7.8144,-45.0000
LINETO,282.2000,7.8144,-55.0000
LINETO,280.5395,6.4665,-55.0000
LINETO,281.7853,7.5158,-55.0000
LINETO,283.4918,8.0102,-55.0000
LINETO,282.2000,7.8144,-55.0000
MOVETO,282.2490,6.4424,-45.0000
LINETO,282.2490,6.4424,-55.0000
LINETO,281.8220,6.6934,-55.0000
LINETO,281.3397,6.2097,-55.0000
LINETO,281.2433,5.7239,-55.0000
LINETO,281.6718,5.3525,-55.0000
LINETO,282.4102,6.1938,-55.0000
LINETO,281.4237,6.4805,-55.0000
LINETO,281.9124,6.8191,-55.0000
LINETO,282.5004,6.2415,-55.0000
LINETO,282.2244,5.4643,-55.0000
LINETO,281.6491,5.2299,-55.0000
LINETO,281.0903,5.7641,-55.0000
LINETO,281.3914,6.4424,-55.0000
MOVETO,280.0929,5.3153,-45.0000
LINETO,280.0929,5.3153,-55.0000
LINETO,280.3628,3.2142,-55.0000
LINETO,281.4807,1.7797,-55.0000
LINETO,280.8724,0.3061,-55.0000
LINETO,281.5604,1.7815,-55.0000
LINETO,280.3161,3.7114,-55.0000
LINETO,280.2872,5.9298,-55.0000
LINETO,280.0929,5.3153,-55.0000
MOVETO,283.7803,7.8757,-45.0000
LINETO,283.7803,7.8757,-55.0000
LINETO,284.4530,7.7300,-55.0000
LINETO,283.7803,7.8757,-55.0000
MOVETO,285.2014,7.1161,-45.0000
LINETO,285.2014,7.1161,-55.0000
LINETO,286.1074,5.9093,-55.0000
LINETO,286.3355,4.4338,-55.0000
LINETO,284.9327,1.6259,-55.0000
LINETO,287.3945,-2.6108,-55.0000
LINETO,284.9939,1.6782,-55.0000
LINETO,286.1920,3.3220,-55.0000
LINETO,286.4491,4.5356,-55.0000
LINETO,286.0069,6.4353,-55.0000
LINETO,284.7493,7.5863,-55.0000
LINETO,285.2014,7.1161,-55.0000
MOVETO,287.7005,-3.1866,-45.0000
LINETO,287.7005,-3.1866,-55.0000
LINETO,291.3636,-7.7766,-55.0000
LINETO,287.4888,-2.7340,-55.0000
LINETO,287.7005,-3.1866,-55.0000
MOVETO,290.6283,-11.2842,-45.0000
LINETO,290.6283,-11.2842,-55.0000
LINETO,292.7731,-12.8677,-55.0000
LINETO,295.0216,-13.6541,-55.0000
LINETO,296.9162,-13.5738,-55.0000
LINETO,298.8208,-12.8476,-55.0000
LINETO,296.6268,-13.5071,-55.0000
LINETO,294.5716,-13.4479,-55.0000
LINETO,292.4940,-12.5266,-55.0000
LINETO,290.1574,-10.7949,-55.0000
LINETO,290.6283,-11.2842,-55.0000
MOVETO,292.1597,-12.0927,-45.0000
LINETO,292.1597,-12.0927,-55.0000
LINETO,293.7842,-12.9770,-55.0000
LINETO,295.6513,-13.3876,-55.0000
LINETO,298.8226,-12.4658,-55.0000
LINETO,296.9444,-13.1254,-55.0000
LINETO,295.1579,-13.1809,-55.0000
LINETO,291.8933,-11.8001,-55.0000
LINETO,292.1597,-12.0927,-55.0000
MOVETO,293.9972,-9.5936,-45.0000
LINETO,293.9972,-9.5936,-55.0000
LINETO,293.9972,-9.5936,-55.0000
MOVETO,294.3403,-9.8018,-45.0000
LINETO,294.3403,-9.8018,-55.0000
LINETO,294.3403,-9.8018,-55.0000
MOVETO,294.7690,-9.9243,-45.0000
LINETO,294.7690,-9.9243,-55.0000
LINETO,294.7690,-9.9243,-55.0000
MOVETO,297.2804,-9.8018,-45.0000
LINETO,297.2804,-9.8018,-55.0000
LINETO,297.2804,-9.8018,-55.0000
MOVETO,286.5857,-16.9439,-45.0000
LINETO,286.5857,-16.9439,-55.0000
LINETO,298.9157,-23.1771,-55.0000
LINETO,286.5857,-16.9439,-55.0000
MOVETO,284.7726,-20.7416,-45.0000
LINETO,284.7726,-20.7416,-55.0000
LINETO,284.8093,-31.5747,-55.0000
LINETO,288.0866,-32.4197,-55.0000
LINETO,289.0433,-33.0625,-55.0000
LINETO,289.3391,-33.7677,-55.0000
LINETO,289.1414,-35.1248,-55.0000
LINETO,286.9901,-36.1284,-55.0000
LINETO,288.7154,-35.6288,-55.0000
LINETO,289.6096,-34.6456,-55.0000
LINETO,299.0196,-34.5112,-55.0000
LINETO,289.5603,-34.4209,-55.0000
LINETO,289.3657,-33.2525,-55.0000
LINETO,288.7309,-32.6008,-55.0000
LINETO,284.8706,-31.3758,-55.0000
LINETO,284.8724,-23.9267,-55.0000
LINETO,298.9964,-23.4976,-55.0000
LINETO,289.2424,-23.3757,-55.0000
LINETO,298.2643,-23.2532,-55.0000
LINETO,290.0954,-23.1716,-55.0000
LINETO,288.6339,-22.6684,-55.0000
LINETO,284.8746,-22.5670,-55.0000
LINETO,284.8831,-10.0835,-55.0000
LINETO,289.3431,-9.9634,-55.0000
LINETO,284.7481,-9.9019,-55.0000
LINETO,284.7726,-20.7350,-55.0000
LINETO,289.1578,-23.2889,-55.0000
LINETO,288.5201,-23.7611,-55.0000
LINETO,284.9819,-23.6511,-55.0000
LINETO,285.1061,-22.7667,-55.0000
LINETO,288.8888,-22.8977,-55.0000
MOVETO,286.5857,-32.2571,-45.0000
LINETO,286.5857,-32.2571,-55.0000
LINETO,287.1417,-32.3292,-55.0000
LINETO,286.5857,-32.2571,-55.0000
MOVETO,285.8261,-32.0978,-45.0000
LINETO,285.8261,-32.0978,-55.0000
LINETO,286.1628,-32.0722,-55.0000
LINETO,285.8261,-32.0978,-55.0000
MOVETO,284.1356,-34.0334,-45.0000
LINETO,284.1356,-34.0334,-55.0000
LINETO,285.5993,-34.6952,-55.0000
LINETO,284.1356,-34.0334,-55.0000
MOVETO,282.8983,-31.5343,-45.0000
LINETO,282.8983,-31.5343,-55.0000
LINETO,282.2953,-31.5046,-55.0000
LINETO,282.4289,-32.9841,-55.0000
LINETO,283.9067,-33.2889,-55.0000
LINETO,284.3359,-32.9224,-55.0000
LINETO,284.3684,-31.6203,-55.0000
LINETO,283.5175,-31.7919,-55.0000
LINETO,283.3046,-33.1584,-55.0000
LINETO,283.3382,-31.6687,-55.0000
LINETO,282.1807,-31.2804,-55.0000
LINETO,284.4657,-31.3747,-55.0000
LINETO,284.3552,-33.2651,-55.0000
LINETO,282.2849,-33.1503,-55.0000
LINETO,282.1632,-31.4363,-55.0000
MOVETO,280.7054,-31.8896,-45.0000
LINETO,280.7054,-31.8896,-55.0000
LINETO,278.2733,-32.6640,-55.0000
LINETO,277.8430,-33.5484,-55.0000
LINETO,280.3142,-34.7051,-55.0000
LINETO,284.0629,-35.0604,-55.0000
LINETO,287.4695,-34.6226,-55.0000
LINETO,289.1070,-33.6992,-55.0000
LINETO,288.6309,-33.0165,-55.0000
LINETO,287.3752,-32.4136,-55.0000
LINETO,289.0548,-33.5864,-55.0000
LINETO,287.1911,-34.5688,-55.0000
LINETO,283.6138,-34.9289,-55.0000
LINETO,279.8888,-34.4738,-55.0000
LINETO,277.9116,-33.3750,-55.0000
LINETO,279.2779,-32.3800,-55.0000
LINETO,281.7046,-31.9531,-55.0000
LINETO,282.0332,-33.4004,-55.0000
LINETO,283.9631,-33.8149,-55.0000
LINETO,284.7684,-33.4775,-55.0000
LINETO,284.9852,-32.1737,-55.0000
LINETO,285.5336,-31.9136,-55.0000
LINETO,284.8385,-32.0520,-55.0000
LINETO,284.6261,-33.3791,-55.0000
LINETO,283.6427,-33.7108,-55.0000
LINETO,282.1781,-33.2726,-55.0000
LINETO,281.7538,-31.8494,-55.0000
LINETO,280.7054,-31.8896,-55.0000
MOVETO,279.6396,-31.7670,-45.0000
LINETO,279.6396,-31.7670,-55.0000
LINETO,277.5494,-32.8438,-55.0000
LINETO,277.4225,-34.5638,-55.0000
LINETO,277.8754,-35.2186,-55.0000
LINETO,281.5721,-36.4019,-55.0000
LINETO,286.5382,-36.3371,-55.0000
LINETO,298.8651,-47.9364,-55.0000
LINETO,286.6352,-36.3202,-55.0000
LINETO,281.5213,-36.2715,-55.0000
LINETO,277.8837,-35.0268,-55.0000
LINETO,277.5239,-34.1817,-55.0000
LINETO,277.7954,-32.8051,-55.0000
LINETO,280.9524,-31.5505,-55.0000
LINETO,279.6396,-31.7670,-55.0000
MOVETO,279.3088,-34.8297,-45.0000
LINETO,279.3088,-34.8297,-55.0000
LINETO,277.9005,-34.2674,-55.0000
LINETO,278.2910,-34.8779,-55.0000
LINETO,279.4735,-35.4477,-55.0000
LINETO,283.3088,-36.0513,-55.0000
LINETO,287.3810,-35.6297,-55.0000
LINETO,289.0358,-34.6475,-55.0000
LINETO,285.0543,-35.7698,-55.0000
LINETO,279.7195,-34.9390,-55.0000
LINETO,277.7865,-34.3031,-55.0000
LINETO,277.7554,-33.9610,-55.0000
LINETO,279.6887,-34.8140,-55.0000
LINETO,282.3895,-35.2641,-55.0000
LINETO,286.5441,-35.1127,-55.0000
LINETO,288.9918,-34.3399,-55.0000
LINETO,289.1582,-34.6432,-55.0000
LINETO,287.6746,-35.6718,-55.0000
LINETO,283.4328,-36.1740,-55.0000
LINETO,279.4387,-35.5429,-55.0000
LINETO,278.1260,-34.9715,-55.0000
LINETO,277.7898,-34.3397,-55.0000
MOVETO,287.5167,-36.8755,-45.0000
LINETO,287.5167,-36.8755,-55.0000
LINETO,298.8579,-47.4936,-55.0000
LINETO,287.1727,-36.4984,-55.0000
LINETO,287.5167,-36.8755,-55.0000
MOVETO,291.1551,-36.0180,-45.0000
LINETO,291.1551,-36.0180,-55.0000
LINETO,297.0279,-36.0079,-55.0000
LINETO,290.5210,-36.0075,-55.0000
LINETO,291.1551,-36.0180,-55.0000
MOVETO,273.6613,-5.9184,-45.0000
LINETO,273.6613,-5.9184,-55.0000
LINETO,273.6613,-5.9184,-55.0000
MOVETO,273.4163,-5.5509,-45.0000
LINETO,273.4163,-5.5509,-55.0000
LINETO,273.4163,-5.5509,-55.0000
MOVETO,274.7639,-4.4484,-45.0000
LINETO,274.7639,-4.4484,-55.0000
LINETO,274.7639,-4.4484,-55.0000
MOVETO,274.5189,-4.0808,-45.0000
LINETO,274.5189,-4.0808,-55.0000
LINETO,274.5189,-4.0808,-55.0000
MOVETO,275.1927,-4.9751,-45.0000
LINETO,275.1927,-4.9751,-55.0000
LINETO,275.8897,-5.5116,-55.0000
LINETO,274.8931,-4.6396,-55.0000
LINETO,275.1927,-4.9751,-55.0000
MOVETO,273.7226,-2.3780,-45.0000
LINETO,273.7226,-2.3780,-55.0000
LINETO,274.2885,-3.5900,-55.0000
LINETO,273.7226,-2.3780,-55.0000
MOVETO,273.6001,-2.1208,-45.0000
LINETO,273.6001,-2.1208,-55.0000
LINETO,273.6001,-2.1208,-55.0000
MOVETO,273.3551,-2.2555,-45.0000
LINETO,273.3551,-2.2555,-55.0000
LINETO,272.5004,-0.7219,-55.0000
LINETO,272.3363,-1.6219,-55.0000
LINETO,273.5323,-4.7888,-55.0000
LINETO,274.5645,-6.2815,-55.0000
LINETO,275.7686,-6.9384,-55.0000
LINETO,277.1996,-6.3518,-55.0000
LINETO,278.3658,-5.2831,-55.0000
LINETO,280.7839,-1.2800,-55.0000
LINETO,278.3255,-4.9192,-55.0000
LINETO,276.3391,-5.9398,-55.0000
LINETO,274.6289,-4.8554,-55.0000
LINETO,272.2911,-0.7106,-55.0000
LINETO,272.8249,-0.6652,-55.0000
LINETO,274.7786,-4.7591,-55.0000
LINETO,276.2426,-5.8110,-55.0000
LINETO,277.2464,-5.5785,-55.0000
LINETO,278.1949,-4.8000,-55.0000
LINETO,280.6097,-1.1998,-55.0000
LINETO,281.5629,-1.6806,-55.0000
LINETO,281.3475,-2.0906,-55.0000
LINETO,281.3603,-1.6390,-55.0000
LINETO,280.8421,-1.6600,-55.0000
LINETO,277.8564,-6.0546,-55.0000
LINETO,275.6235,-7.0694,-55.0000
LINETO,274.3412,-6.3356,-55.0000
LINETO,273.5096,-5.0401,-55.0000
LINETO,272.4622,-2.4930,-55.0000
LINETO,272.2893,-0.7119,-55.0000
MOVETO,271.5788,-0.0994,-45.0000
LINETO,271.5788,-0.0994,-55.0000
LINETO,271.8894,-20.1168,-55.0000
LINETO,271.9855,-3.9165,-55.0000
LINETO,271.5238,0.2492,-55.0000
LINETO,271.5788,-0.0994,-55.0000
MOVETO,271.0642,0.2068,-45.0000
LINETO,271.0642,0.2068,-55.0000
LINETO,271.0943,-0.1317,-55.0000
LINETO,271.0947,0.5500,-55.0000
LINETO,271.0642,0.2068,-55.0000
MOVETO,271.1500,1.1746,-45.0000
LINETO,271.1500,1.1746,-55.0000
LINETO,271.6400,1.1869,-55.0000
MOVETO,271.8973,0.8929,-45.0000
LINETO,271.8973,0.8929,-55.0000
LINETO,272.0595,-0.4866,-55.0000
LINETO,272.7374,0.1033,-55.0000
LINETO,272.4513,0.9588,-55.0000
LINETO,271.9223,0.9220,-55.0000
LINETO,272.5969,0.2725,-55.0000
LINETO,272.1916,-0.3694,-55.0000
LINETO,271.9472,0.6244,-55.0000
LINETO,272.2475,0.9416,-55.0000
LINETO,272.4730,0.6356,-55.0000
MOVETO,272.8773,0.5009,-45.0000
LINETO,272.8773,0.5009,-55.0000
LINETO,272.8773,0.5009,-55.0000
MOVETO,272.9998,-0.0382,-45.0000
LINETO,272.9998,-0.0382,-55.0000
LINETO,273.3349,-1.0940,-55.0000
LINETO,272.9998,-0.0382,-55.0000
MOVETO,273.3551,-1.3857,-45.0000
LINETO,273.3551,-1.3857,-55.0000
LINETO,273.3551,-1.3857,-55.0000
MOVETO,273.4776,-1.7532,-45.0000
LINETO,273.4776,-1.7532,-55.0000
LINETO,273.4776,-1.7532,-55.0000
MOVETO,272.3015,-3.1988,-45.0000
LINETO,272.3015,-3.1988,-55.0000
LINETO,272.6076,-4.5084,-55.0000
LINETO,272.3015,-3.1988,-55.0000
MOVETO,270.9050,-1.6307,-45.0000
LINETO,270.9050,-1.6307,-55.0000
LINETO,270.6990,-2.9337,-55.0000
LINETO,269.8812,-4.4011,-55.0000
LINETO,268.9437,-5.1114,-55.0000
LINETO,267.9925,-5.0370,-55.0000
LINETO,269.0121,-5.2224,-55.0000
LINETO,270.0458,-4.4789,-55.0000
LINETO,270.9111,-2.7820,-55.0000
LINETO,270.9858,-1.3883,-55.0000
LINETO,270.9050,-1.6307,-55.0000
MOVETO,270.5130,-1.6675,-45.0000
LINETO,270.5130,-1.6675,-55.0000
LINETO,270.7808,-0.5885,-55.0000
LINETO,269.5397,-3.2937,-55.0000
LINETO,268.5496,-4.0790,-55.0000
LINETO,267.7979,-3.2386,-55.0000
LINETO,267.0422,-1.0265,-55.0000
LINETO,266.7398,-1.0081,-55.0000
LINETO,267.4709,-3.6630,-55.0000
LINETO,268.6252,-4.7912,-55.0000
LINETO,269.6385,-3.6201,-55.0000
LINETO,270.5086,-1.6796,-55.0000
LINETO,270.7253,1.6489,-55.0000
LINETO,270.8166,-0.0425,-55.0000
LINETO,270.3155,-1.0584,-55.0000
LINETO,270.6144,-0.4262,-55.0000
LINETO,271.0834,-0.6229,-55.0000
LINETO,270.0315,-3.2583,-55.0000
LINETO,268.8923,-4.7977,-55.0000
LINETO,267.9461,-4.6434,-55.0000
LINETO,267.1737,-3.2677,-55.0000
LINETO,266.6361,-0.8318,-55.0000
LINETO,267.1731,-0.6513,-55.0000
LINETO,267.2765,0.1963,-55.0000
LINETO,267.6907,-2.6177,-55.0000
LINETO,268.3567,-3.7821,-55.0000
LINETO,268.8274,-3.8374,-55.0000
LINETO,270.1244,-1.7867,-55.0000
LINETO,270.7212,1.5299,-55.0000
MOVETO,269.9617,3.2082,-45.0000
LINETO,269.9617,3.2082,-55.0000
LINETO,269.9891,2.9237,-55.0000
LINETO,269.9923,3.5273,-55.0000
LINETO,269.9617,3.2082,-55.0000
MOVETO,270.0474,3.8820,-45.0000
LINETO,270.0474,3.8820,-55.0000
LINETO,270.0474,3.8820,-55.0000
MOVETO,270.8927,4.5803,-45.0000
LINETO,270.8927,4.5803,-55.0000
LINETO,270.3454,3.9011,-55.0000
LINETO,270.2390,2.8810,-55.0000
LINETO,270.6360,2.0462,-55.0000
LINETO,271.3555,1.6770,-55.0000
LINETO,272.5549,2.5815,-55.0000
LINETO,272.7986,4.4545,-55.0000
LINETO,271.9907,4.8549,-55.0000
LINETO,270.9328,4.6067,-55.0000
LINETO,272.3144,4.6411,-55.0000
LINETO,272.6677,3.5336,-55.0000
LINETO,272.3093,2.4796,-55.0000
LINETO,271.4872,1.8251,-55.0000
LINETO,270.5280,2.4853,-55.0000
LINETO,270.4168,3.7040,-55.0000
LINETO,271.1833,4.5896,-55.0000
LINETO,272.3138,4.6415,-55.0000
MOVETO,272.2893,5.0213,-45.0000
LINETO,272.2893,5.0213,-55.0000
LINETO,272.2893,5.0213,-55.0000
MOVETO,272.8651,4.7640,-45.0000
LINETO,272.8651,4.7640,-55.0000
LINETO,273.6001,3.1266,-55.0000
LINETO,272.7783,0.8905,-55.0000
LINETO,273.7225,3.1700,-55.0000
LINETO,272.8651,4.7640,-55.0000
MOVETO,273.2326,3.6370,-45.0000
LINETO,273.2326,3.6370,-55.0000
LINETO,273.2326,3.6370,-55.0000
MOVETO,273.3061,3.0000,-45.0000
LINETO,273.3061,3.0000,-55.0000
LINETO,272.8560,2.1128,-55.0000
LINETO,272.1377,1.7169,-55.0000
LINETO,272.8904,1.9785,-55.0000
LINETO,273.4205,3.3258,-55.0000
LINETO,273.3061,3.0000,-55.0000
MOVETO,271.2235,4.2005,-45.0000
LINETO,271.2235,4.2005,-55.0000
LINETO,271.1087,3.8152,-55.0000
LINETO,270.6707,3.9798,-55.0000
LINETO,270.7818,3.6589,-55.0000
LINETO,271.2806,3.6972,-55.0000
LINETO,271.2235,4.2005,-55.0000
MOVETO,271.1867,5.0213,-45.0000
LINETO,271.1867,5.0213,-55.0000
LINETO,271.1867,5.0213,-55.0000
MOVETO,266.5193,3.0367,-45.0000
LINETO,266.5193,3.0367,-55.0000
LINETO,265.5699,2.4775,-55.0000
LINETO,265.5077,1.2919,-55.0000
LINETO,266.0745,0.8045,-55.0000
LINETO,266.7911,1.0547,-55.0000
LINETO,267.2404,1.8647,-55.0000
LINETO,266.9934,2.6984,-55.0000
LINETO,267.0444,1.7075,-55.0000
LINETO,266.3382,0.9293,-55.0000
LINETO,265.7254,1.2214,-55.0000
LINETO,265.5295,1.9286,-55.0000
LINETO,266.0385,2.7160,-55.0000
LINETO,265.7808,2.1807,-55.0000
LINETO,266.3341,2.8719,-55.0000
LINETO,267.1303,3.0133,-55.0000
LINETO,267.7688,1.8432,-55.0000
LINETO,267.1846,0.4091,-55.0000
LINETO,267.7866,1.2891,-55.0000
LINETO,267.8685,2.2262,-55.0000
LINETO,267.2231,3.1003,-55.0000
LINETO,266.5193,3.0367,-55.0000
MOVETO,265.4412,2.8775,-45.0000
LINETO,265.4412,2.8775,-55.0000
LINETO,265.4412,2.8775,-55.0000
MOVETO,265.1717,1.8607,-45.0000
LINETO,265.1717,1.8607,-55.0000
LINETO,265.1717,1.8607,-55.0000
MOVETO,265.6127,0.6846,-45.0000
LINETO,265.6127,0.6846,-55.0000
LINETO,264.7700,-3.2069,-55.0000
LINETO,264.2482,-2.6589,-55.0000
LINETO,263.9444,-0.6940,-55.0000
LINETO,263.8390,-1.6715,-55.0000
LINETO,264.5756,-3.3142,-55.0000
LINETO,265.7010,-0.3333,-55.0000
LINETO,265.6127,0.6846,-55.0000
MOVETO,266.0048,0.3539,-45.0000
LINETO,266.0048,0.3539,-55.0000
LINETO,266.3279,0.1288,-55.0000
LINETO,266.0048,0.3539,-55.0000
MOVETO,266.5560,0.1333,-45.0000
LINETO,266.5560,0.1333,-55.0000
LINETO,266.5025,-0.5529,-55.0000
LINETO,267.0473,-0.3652,-55.0000
LINETO,266.8720,0.3293,-55.0000
LINETO,266.5770,0.1536,-55.0000
LINETO,266.8706,-0.4877,-55.0000
LINETO,266.5215,-0.1794,-55.0000
LINETO,266.8034,0.1502,-55.0000
LINETO,266.9236,-0.3689,-55.0000
MOVETO,266.0048,-0.2709,-45.0000
LINETO,266.0048,-0.2709,-55.0000
LINETO,265.8075,-0.6211,-55.0000
LINETO,266.0048,-0.2709,-55.0000
MOVETO,265.7843,-1.6307,-45.0000
LINETO,265.7843,-1.6307,-55.0000
LINETO,265.5168,-2.7368,-55.0000
LINETO,264.4448,-4.1108,-55.0000
LINETO,263.4471,-1.4006,-55.0000
LINETO,264.3363,-4.1152,-55.0000
LINETO,264.8831,-3.8998,-55.0000
LINETO,265.7717,-2.5486,-55.0000
LINETO,265.9420,-0.8978,-55.0000
LINETO,265.7843,-1.6307,-55.0000
MOVETO,265.6372,-3.0395,-45.0000
LINETO,265.6372,-3.0395,-55.0000
LINETO,264.9855,-4.2419,-55.0000
LINETO,264.1741,-4.2347,-55.0000
LINETO,265.1436,-4.3144,-55.0000
LINETO,265.6372,-3.0395,-55.0000
MOVETO,264.2897,-2.3658,-45.0000
LINETO,264.2897,-2.3658,-55.0000
LINETO,264.2897,-2.3658,-55.0000
MOVETO,263.0524,-1.4715,-45.0000
LINETO,263.0524,-1.4715,-55.0000
LINETO,263.1158,-5.0252,-55.0000
LINETO,263.0524,-1.4715,-55.0000
MOVETO,263.6772,-0.7732,-45.0000
LINETO,263.6772,-0.7732,-55.0000
LINETO,263.5245,-0.5368,-55.0000
LINETO,263.5268,-1.0108,-55.0000
LINETO,263.9640,1.7945,-55.0000
LINETO,264.4105,0.7618,-55.0000
LINETO,263.7582,-1.0462,-55.0000
LINETO,263.4040,-1.1080,-55.0000
LINETO,263.3694,-0.4789,-55.0000
LINETO,264.2637,0.6684,-55.0000
LINETO,263.9222,1.7014,-55.0000
MOVETO,263.0034,1.3094,-45.0000
LINETO,263.0034,1.3094,-55.0000
LINETO,262.7406,1.2281,-55.0000
LINETO,263.6340,1.1567,-55.0000
LINETO,263.3547,1.5319,-55.0000
LINETO,262.5948,0.9826,-55.0000
LINETO,263.1708,0.1550,-55.0000
LINETO,263.6551,0.9357,-55.0000
LINETO,262.7958,1.5381,-55.0000
LINETO,263.7914,1.4223,-55.0000
LINETO,263.7052,0.3330,-55.0000
LINETO,263.2802,0.0431,-55.0000
LINETO,262.5078,0.5918,-55.0000
LINETO,262.7829,1.5299,-55.0000
MOVETO,261.4476,0.8561,-45.0000
LINETO,261.4476,0.8561,-55.0000
LINETO,261.9024,0.1241,-55.0000
LINETO,261.5371,-1.6689,-55.0000
LINETO,262.0911,-3.6580,-55.0000
LINETO,261.6259,-3.2543,-55.0000
LINETO,261.1575,-1.4357,-55.0000
LINETO,261.3181,-2.7137,-55.0000
LINETO,261.8092,-3.7892,-55.0000
LINETO,262.5741,-3.4425,-55.0000
LINETO,261.5324,-4.4224,-55.0000
LINETO,261.6179,-9.7085,-55.0000
LINETO,262.9421,-9.6701,-55.0000
LINETO,263.0362,-12.1302,-55.0000
LINETO,262.8932,-3.5315,-55.0000
LINETO,262.7323,-9.5342,-55.0000
LINETO,261.7401,-9.5693,-55.0000
LINETO,261.6074,-5.6359,-55.0000
LINETO,261.6849,-4.2810,-55.0000
LINETO,262.6456,-3.5920,-55.0000
LINETO,262.8062,-2.0703,-55.0000
LINETO,262.3909,-3.3504,-55.0000
LINETO,261.8399,-2.9488,-55.0000
LINETO,262.2687,-2.8153,-55.0000
LINETO,262.7911,-0.3906,-55.0000
LINETO,262.7391,-0.0928,-55.0000
LINETO,262.1753,-2.6259,-55.0000
LINETO,261.7473,-2.8194,-55.0000
LINETO,261.6576,-1.0134,-55.0000
LINETO,262.0249,0.2108,-55.0000
LINETO,261.4476,0.8561,-55.0000
MOVETO,261.0433,0.3171,-45.0000
LINETO,261.0433,0.3171,-55.0000
LINETO,261.0433,0.3171,-55.0000
MOVETO,260.6758,0.4029,-45.0000
LINETO,260.6758,0.4029,-55.0000
LINETO,260.6908,-0.3536,-55.0000
LINETO,261.5405,-0.3939,-55.0000
LINETO,260.6489,-0.0391,-55.0000
LINETO,261.1725,0.5742,-55.0000
LINETO,261.5702,0.0177,-55.0000
LINETO,261.4879,0.5377,-55.0000
LINETO,260.6758,0.4029,-55.0000
MOVETO,260.5410,0.7949,-45.0000
LINETO,260.5410,0.7949,-55.0000
LINETO,260.5410,0.7949,-55.0000
MOVETO,261.0801,-0.9815,-45.0000
LINETO,261.0801,-0.9815,-55.0000
LINETO,261.0801,-0.9815,-55.0000
MOVETO,261.0188,-1.2265,-45.0000
LINETO,261.0188,-1.2265,-55.0000
LINETO,261.0188,-1.2265,-55.0000
MOVETO,263.0646,-0.4057,-45.0000
LINETO,263.0646,-0.4057,-55.0000
LINETO,263.0646,-0.4057,-55.0000
MOVETO,266.9358,0.8806,-45.0000
LINETO,266.9358,0.8806,-55.0000
LINETO,267.1924,1.0643,-55.0000
LINETO,266.9358,0.8806,-55.0000
MOVETO,267.4748,1.5544,-45.0000
LINETO,267.4748,1.5544,-55.0000
LINETO,267.4748,1.5544,-55.0000
MOVETO,267.4871,-1.4592,-45.0000
LINETO,267.4871,-1.4592,-55.0000
LINETO,267.4871,-1.4592,-55.0000
MOVETO,267.5973,-1.8757,-45.0000
LINETO,267.5973,-1.8757,-55.0000
LINETO,267.5973,-1.8757,-55.0000
MOVETO,267.7198,-2.3535,-45.0000
LINETO,267.7198,-2.3535,-55.0000
LINETO,267.9023,-2.5544,-55.0000
LINETO,267.7198,-2.3535,-55.0000
MOVETO,267.9649,-2.8558,-45.0000
LINETO,267.9649,-2.8558,-55.0000
LINETO,267.9649,-2.8558,-55.0000
MOVETO,268.3936,-3.5908,-45.0000
LINETO,268.3936,-3.5908,-55.0000
LINETO,268.3936,-3.5908,-55.0000
MOVETO,269.1164,-3.2478,-45.0000
LINETO,269.1164,-3.2478,-55.0000
LINETO,269.1164,-3.2478,-55.0000
MOVETO,269.6432,-2.3045,-45.0000
LINETO,269.6432,-2.3045,-55.0000
LINETO,269.4961,-2.7333,-55.0000
LINETO,269.8986,-1.9237,-55.0000
LINETO,269.6432,-2.3045,-55.0000
MOVETO,271.0275,-6.2859,-45.0000
LINETO,271.0275,-6.2859,-55.0000
LINETO,270.9664,-9.5248,-55.0000
LINETO,267.3523,-9.5959,-55.0000
LINETO,267.3110,-4.7446,-55.0000
LINETO,267.0060,-3.8701,-55.0000
LINETO,267.2417,-9.7161,-55.0000
LINETO,271.0850,-9.5660,-55.0000
LINETO,271.0886,-3.0470,-55.0000
LINETO,271.0275,-6.2859,-55.0000
MOVETO,291.9146,16.1325,-45.0000
LINETO,291.9146,16.1325,-55.0000
LINETO,291.9288,1.1235,-55.0000
LINETO,291.9288,31.1460,-55.0000
LINETO,291.9146,16.1325,-55.0000
MOVETO,293.4705,15.0300,-45.0000
LINETO,293.4705,15.0300,-55.0000
LINETO,293.3853,43.0651,-55.0000
LINETO,292.2822,42.1396,-55.0000
LINETO,292.3444,-8.4917,-55.0000
LINETO,293.3878,-9.2017,-55.0000
LINETO,293.4704,15.0009,-55.0000
LINETO,292.7694,42.7702,-55.0000
LINETO,293.3971,43.2062,-55.0000
LINETO,293.6518,32.9748,-55.0000
LINETO,293.4189,-9.3485,-55.0000
LINETO,292.2087,-8.5318,-55.0000
LINETO,292.2087,42.2472,-55.0000
LINETO,292.7354,42.7407,-55.0000
MOVETO,292.7354,42.7407,-45.0000
