MOVETO,180.0000,60.0000,-44.0000
LINETO,180.0000,60.0000,-47.0000
LINETO,300.0000,60.0000,-47.0000
LINETO,300.0000,-60.0000,-47.0000
LINETO,180.0000,-60.0000,-47.0000
LINETO,180.0000,60.0000,-47.0000
MOVETO,189.4162,30.9989,-44.0000
LINETO,189.4162,30.9989,-47.0000
LINETO,189.3858,27.9441,-47.0000
LINETO,183.4715,33.9709,-47.0000
LINETO,183.4935,27.4900,-47.0000
LINETO,183.7290,33.5820,-47.0000
LINETO,189.6433,27.5553,-47.0000
LINETO,189.5803,34.0652,-47.0000
LINETO,189.4162,30.9989,-47.0000
MOVETO,192.8506,32.5746,-44.0000
LINETO,192.8506,32.5746,-47.0000
LINETO,191.3764,31.3873,-47.0000
LINETO,191.0558,29.7135,-47.0000
LINETO,191.7372,28.3266,-47.0000
LINETO,193.2458,27.5330,-47.0000
LINETO,194.8114,27.6287,-47.0000
LINETO,195.9929,28.4396,-47.0000
LINETO,196.5875,29.7133,-47.0000
LINETO,196.3254,31.2824,-47.0000
LINETO,194.9275,32.5230,-47.0000
LINETO,192.8607,32.5780,-47.0000
LINETO,195.0357,32.2836,-47.0000
LINETO,195.8274,31.6481,-47.0000
LINETO,196.3185,30.7085,-47.0000
LINETO,196.3720,29.7264,-47.0000
LINETO,195.9331,28.6987,-47.0000
LINETO,195.1225,27.9706,-47.0000
LINETO,194.1834,27.6602,-47.0000
LINETO,192.9032,27.7808,-47.0000
LINETO,191.8747,28.4866,-47.0000
LINETO,191.3174,29.4597,-47.0000
LINETO,191.3649,30.9129,-47.0000
LINETO,191.9903,31.8441,-47.0000
LINETO,192.8616,32.4090,-47.0000
LINETO,194.9829,32.3104,-47.0000
MOVETO,203.1348,32.5652,-44.0000
LINETO,203.1348,32.5652,-47.0000
LINETO,202.2528,32.0835,-47.0000
LINETO,201.5014,31.0966,-47.0000
LINETO,201.5250,29.0695,-47.0000
LINETO,202.0972,28.2557,-47.0000
LINETO,203.1843,27.6115,-47.0000
LINETO,205.4685,27.7448,-47.0000
LINETO,205.7503,27.9986,-47.0000
LINETO,204.6139,27.6665,-47.0000
LINETO,203.2135,27.7752,-47.0000
LINETO,201.7426,29.1333,-47.0000
LINETO,201.6055,30.6898,-47.0000
LINETO,202.5183,32.0376,-47.0000
LINETO,203.8367,32.5501,-47.0000
LINETO,205.7179,32.1952,-47.0000
LINETO,204.5919,32.7058,-47.0000
LINETO,203.1348,32.5652,-47.0000
MOVETO,208.5128,32.5746,-44.0000
LINETO,208.5128,32.5746,-47.0000
LINETO,207.0387,31.3873,-47.0000
LINETO,206.7180,29.7135,-47.0000
LINETO,207.3995,28.3266,-47.0000
LINETO,208.9080,27.5330,-47.0000
LINETO,210.4736,27.6287,-47.0000
LINETO,211.6551,28.4396,-47.0000
LINETO,212.2498,29.7133,-47.0000
LINETO,211.9877,31.2824,-47.0000
LINETO,210.5897,32.5230,-47.0000
LINETO,208.5229,32.5780,-47.0000
LINETO,210.6980,32.2836,-47.0000
LINETO,211.4897,31.6481,-47.0000
LINETO,211.9807,30.7085,-47.0000
LINETO,212.0342,29.7264,-47.0000
LINETO,211.5953,28.6987,-47.0000
LINETO,210.7847,27.9706,-47.0000
LINETO,209.8456,27.6602,-47.0000
LINETO,208.5655,27.7808,-47.0000
LINETO,207.5369,28.4866,-47.0000
LINETO,206.9796,29.4597,-47.0000
LINETO,207.0272,30.9129,-47.0000
LINETO,207.6525,31.8441,-47.0000
LINETO,208.5238,32.4090,-47.0000
LINETO,210.6451,32.3104,-47.0000
MOVETO,213.5889,30.1026,-44.0000
LINETO,213.5889,30.1026,-47.0000
LINETO,213.7317,27.4608,-47.0000
LINETO,213.7317,32.7444,-47.0000
LINETO,213.5889,30.1026,-47.0000
MOVETO,220.3821,30.3196,-44.0000
LINETO,220.3821,30.3196,-47.0000
LINETO,220.3821,27.8991,-47.0000
LINETO,215.5403,32.6493,-47.0000
LINETO,215.5654,27.4952,-47.0000
LINETO,215.7626,32.3162,-47.0000
LINETO,220.6000,27.5553,-47.0000
LINETO,220.5280,32.7443,-47.0000
LINETO,220.3821,30.3196,-47.0000
MOVETO,221.9012,27.6401,-44.0000
LINETO,221.9012,27.6401,-47.0000
LINETO,221.6372,26.6492,-47.0000
LINETO,222.3163,28.5873,-47.0000
LINETO,221.9012,27.6401,-47.0000
MOVETO,223.9958,21.9696,-44.0000
LINETO,223.9958,21.9696,-47.0000
LINETO,221.7008,17.3663,-47.0000
LINETO,222.8214,19.3466,-47.0000
LINETO,225.8082,19.3449,-47.0000
LINETO,226.9519,17.3711,-47.0000
LINETO,224.3503,22.5525,-47.0000
LINETO,223.9966,21.9712,-47.0000
LINETO,225.0312,20.8982,-47.0000
LINETO,225.6649,19.5807,-47.0000
LINETO,222.9304,19.5901,-47.0000
LINETO,224.3155,22.2711,-47.0000
LINETO,225.0053,20.9506,-47.0000
MOVETO,227.8358,20.0071,-44.0000
LINETO,227.8358,20.0071,-47.0000
LINETO,227.9832,17.3655,-47.0000
LINETO,228.1189,22.4334,-47.0000
LINETO,229.2503,22.3502,-47.0000
LINETO,229.7314,21.8353,-47.0000
LINETO,229.7115,20.9567,-47.0000
LINETO,228.3415,20.2440,-47.0000
LINETO,230.7123,17.3830,-47.0000
LINETO,228.5907,20.1477,-47.0000
LINETO,229.8835,20.9226,-47.0000
LINETO,229.9745,21.6617,-47.0000
LINETO,229.5668,22.2939,-47.0000
LINETO,227.8403,22.6489,-47.0000
LINETO,227.8358,20.0071,-47.0000
MOVETO,231.6099,20.0071,-44.0000
LINETO,231.6099,20.0071,-47.0000
LINETO,231.6189,17.3653,-47.0000
LINETO,233.8688,17.4489,-47.0000
LINETO,231.8929,17.5645,-47.0000
LINETO,231.8929,22.4497,-47.0000
LINETO,233.8688,22.5653,-47.0000
LINETO,231.6189,22.6489,-47.0000
LINETO,231.6099,20.0071,-47.0000
MOVETO,232.3175,20.1958,-44.0000
LINETO,232.3175,20.1958,-47.0000
LINETO,233.4022,20.1927,-47.0000
LINETO,232.3175,20.1958,-47.0000
MOVETO,238.8749,20.0071,-44.0000
LINETO,238.8749,20.0071,-47.0000
LINETO,238.8814,17.3653,-47.0000
LINETO,240.1457,17.4452,-47.0000
LINETO,241.0370,17.9929,-47.0000
LINETO,241.2235,19.2998,-47.0000
LINETO,240.1887,20.2304,-47.0000
LINETO,240.8354,20.8203,-47.0000
LINETO,240.8669,21.8437,-47.0000
LINETO,240.3330,22.4375,-47.0000
LINETO,239.4651,22.6479,-47.0000
LINETO,238.8749,22.6275,-47.0000
LINETO,238.8749,20.0169,-47.0000
LINETO,240.4286,22.1637,-47.0000
LINETO,240.7002,21.7205,-47.0000
LINETO,240.6339,20.8185,-47.0000
LINETO,240.0630,20.3398,-47.0000
LINETO,239.1579,20.3101,-47.0000
LINETO,239.1644,22.4602,-47.0000
LINETO,240.1724,22.3623,-47.0000
LINETO,240.3359,19.9662,-47.0000
LINETO,240.9191,19.4623,-47.0000
LINETO,241.0412,18.7421,-47.0000
LINETO,240.5022,17.7196,-47.0000
LINETO,239.1706,17.5540,-47.0000
LINETO,239.1579,20.0761,-47.0000
LINETO,240.3279,19.9693,-47.0000
MOVETO,242.5545,20.0071,-44.0000
LINETO,242.5545,20.0071,-47.0000
LINETO,242.5636,17.3653,-47.0000
LINETO,244.8134,17.4489,-47.0000
LINETO,242.8376,17.5645,-47.0000
LINETO,242.8376,22.4497,-47.0000
LINETO,244.8134,22.5653,-47.0000
LINETO,242.5636,22.6489,-47.0000
LINETO,242.5545,20.0071,-47.0000
MOVETO,243.2622,20.1958,-44.0000
LINETO,243.2622,20.1958,-47.0000
LINETO,244.3469,20.1927,-47.0000
LINETO,243.2622,20.1958,-47.0000
MOVETO,246.0455,20.0071,-44.0000
LINETO,246.0455,20.0071,-47.0000
LINETO,246.0605,17.3379,-47.0000
LINETO,247.7159,17.5497,-47.0000
LINETO,248.7348,18.2902,-47.0000
LINETO,249.3137,19.7019,-47.0000
LINETO,249.0152,21.3342,-47.0000
LINETO,247.8490,22.4110,-47.0000
LINETO,246.0458,22.6772,-47.0000
LINETO,246.0455,20.0302,-47.0000
LINETO,247.9272,22.1600,-47.0000
LINETO,248.7133,21.4140,-47.0000
LINETO,249.1380,20.1508,-47.0000
LINETO,248.9351,19.0223,-47.0000
LINETO,248.3689,18.1566,-47.0000
LINETO,247.5273,17.6480,-47.0000
LINETO,246.3286,17.5607,-47.0000
LINETO,246.3286,22.4394,-47.0000
LINETO,247.9137,22.1677,-47.0000
MOVETO,250.3290,17.7993,-44.0000
LINETO,250.3290,17.7993,-47.0000
LINETO,250.6265,17.4163,-47.0000
LINETO,250.6702,17.8349,-47.0000
LINETO,250.3290,17.7993,-47.0000
MOVETO,251.0272,12.1477,-44.0000
LINETO,251.0272,12.1477,-47.0000
LINETO,253.0254,7.3652,-47.0000
LINETO,254.9315,11.9128,-47.0000
LINETO,256.7737,7.3857,-47.0000
LINETO,258.8772,12.4978,-47.0000
LINETO,256.8115,7.8360,-47.0000
LINETO,254.9341,12.3942,-47.0000
LINETO,253.0107,7.8160,-47.0000
LINETO,250.9786,12.5531,-47.0000
LINETO,251.0272,12.1477,-47.0000
MOVETO,244.6303,9.9116,-44.0000
LINETO,244.6303,9.9116,-47.0000
LINETO,244.6398,7.2697,-47.0000
LINETO,246.8893,7.3535,-47.0000
LINETO,244.9133,7.4703,-47.0000
LINETO,244.7731,12.5534,-47.0000
LINETO,244.6303,9.9116,-47.0000
MOVETO,242.7432,9.9116,-44.0000
LINETO,242.7432,9.9116,-47.0000
LINETO,242.8861,7.2697,-47.0000
LINETO,242.8861,12.5534,-47.0000
LINETO,242.7432,9.9116,-47.0000
MOVETO,239.8184,10.8551,-44.0000
LINETO,239.8184,10.8551,-47.0000
LINETO,239.1285,12.1756,-47.0000
LINETO,237.7435,9.4946,-47.0000
LINETO,240.4780,9.4851,-47.0000
LINETO,239.8442,10.8026,-47.0000
LINETO,238.8096,11.8756,-47.0000
LINETO,239.1634,12.4569,-47.0000
LINETO,241.7649,7.2756,-47.0000
LINETO,240.6212,9.2494,-47.0000
LINETO,237.6345,9.2511,-47.0000
LINETO,236.5138,7.2708,-47.0000
LINETO,238.8088,11.8741,-47.0000
MOVETO,233.4025,9.9116,-44.0000
LINETO,233.4025,9.9116,-47.0000
LINETO,233.5499,7.2700,-47.0000
LINETO,233.6856,12.3378,-47.0000
LINETO,234.8170,12.2546,-47.0000
LINETO,235.2981,11.7398,-47.0000
LINETO,235.2782,10.8611,-47.0000
LINETO,233.9082,10.1485,-47.0000
LINETO,236.2790,7.2875,-47.0000
LINETO,234.1574,10.0522,-47.0000
LINETO,235.4502,10.8271,-47.0000
LINETO,235.5412,11.5662,-47.0000
LINETO,235.1335,12.1984,-47.0000
LINETO,233.4070,12.5534,-47.0000
LINETO,233.4025,9.9116,-47.0000
MOVETO,230.8079,10.1003,-44.0000
LINETO,230.8079,10.1003,-47.0000
LINETO,231.7978,10.0949,-47.0000
LINETO,230.8079,10.1003,-47.0000
MOVETO,230.1002,9.9116,-44.0000
LINETO,230.1002,9.9116,-47.0000
LINETO,230.2431,7.2697,-47.0000
LINETO,230.3833,12.3537,-47.0000
LINETO,232.2614,12.4729,-47.0000
LINETO,230.1101,12.5534,-47.0000
LINETO,230.1002,9.9116,-47.0000
MOVETO,223.3825,12.3552,-44.0000
LINETO,223.3825,12.3552,-47.0000
LINETO,222.8704,11.8679,-47.0000
LINETO,222.7837,11.1315,-47.0000
LINETO,224.6342,9.0452,-47.0000
LINETO,224.7832,8.1791,-47.0000
LINETO,224.1410,7.4869,-47.0000
LINETO,222.5939,7.7145,-47.0000
LINETO,223.7852,7.2730,-47.0000
LINETO,224.7985,7.7620,-47.0000
LINETO,224.9845,8.7309,-47.0000
LINETO,223.1750,10.7866,-47.0000
LINETO,223.0520,11.6983,-47.0000
LINETO,223.6518,12.3260,-47.0000
LINETO,224.9106,12.2111,-47.0000
LINETO,224.1301,12.5481,-47.0000
LINETO,223.3825,12.3552,-47.0000
MOVETO,221.6087,12.8836,-44.0000
LINETO,221.6087,12.8836,-47.0000
LINETO,221.7014,11.8930,-47.0000
LINETO,221.7014,13.8742,-47.0000
LINETO,221.6087,12.8836,-47.0000
MOVETO,219.1084,10.1003,-44.0000
LINETO,219.1084,10.1003,-47.0000
LINETO,220.1931,10.0972,-47.0000
LINETO,219.1084,10.1003,-47.0000
MOVETO,218.4008,9.9116,-44.0000
LINETO,218.4008,9.9116,-47.0000
LINETO,218.4098,7.2697,-47.0000
LINETO,220.6596,7.3533,-47.0000
LINETO,218.6838,7.4690,-47.0000
LINETO,218.6838,12.3541,-47.0000
LINETO,220.6596,12.4698,-47.0000
LINETO,218.4098,12.5534,-47.0000
LINETO,218.4008,9.9116,-47.0000
MOVETO,216.3628,12.1854,-44.0000
LINETO,216.3628,12.1854,-47.0000
LINETO,215.2976,12.3647,-47.0000
LINETO,215.2872,9.9165,-47.0000
LINETO,216.1974,10.0085,-47.0000
LINETO,216.7521,10.4841,-47.0000
LINETO,216.8381,11.5543,-47.0000
LINETO,216.3764,12.1759,-47.0000
LINETO,215.0041,9.9323,-47.0000
LINETO,215.0041,12.5421,-47.0000
LINETO,216.4493,12.2901,-47.0000
LINETO,217.1741,11.1491,-47.0000
LINETO,216.5335,10.0450,-47.0000
LINETO,215.2872,9.7189,-47.0000
LINETO,215.1471,7.2697,-47.0000
LINETO,215.0041,9.9116,-47.0000
MOVETO,212.1547,12.1194,-44.0000
LINETO,212.1547,12.1194,-47.0000
LINETO,210.0334,12.2180,-47.0000
LINETO,209.1621,11.6531,-47.0000
LINETO,208.5368,10.7218,-47.0000
LINETO,208.4892,9.2687,-47.0000
LINETO,209.0465,8.2955,-47.0000
LINETO,210.0751,7.5897,-47.0000
LINETO,211.3552,7.4691,-47.0000
LINETO,212.2943,7.7795,-47.0000
LINETO,213.1049,8.5077,-47.0000
LINETO,213.5438,9.5353,-47.0000
LINETO,213.4903,10.5174,-47.0000
LINETO,212.9993,11.4570,-47.0000
LINETO,212.2076,12.0926,-47.0000
LINETO,210.0325,12.3870,-47.0000
LINETO,212.0994,12.3320,-47.0000
LINETO,213.4973,11.0913,-47.0000
LINETO,213.7594,9.5222,-47.0000
LINETO,213.1647,8.2485,-47.0000
LINETO,211.9832,7.4377,-47.0000
LINETO,210.4176,7.3419,-47.0000
LINETO,208.9091,8.1356,-47.0000
LINETO,208.2277,9.5225,-47.0000
LINETO,208.5483,11.1962,-47.0000
LINETO,210.0224,12.3835,-47.0000
MOVETO,213.2209,17.5445,-44.0000
LINETO,213.2209,17.5445,-47.0000
LINETO,212.9569,16.5537,-47.0000
LINETO,213.6360,18.4918,-47.0000
LINETO,213.2209,17.5445,-47.0000
MOVETO,208.9657,20.0071,-44.0000
LINETO,208.9657,20.0071,-47.0000
LINETO,208.9807,17.3379,-47.0000
LINETO,210.6360,17.5497,-47.0000
LINETO,211.6550,18.2902,-47.0000
LINETO,212.2339,19.7019,-47.0000
LINETO,211.9353,21.3342,-47.0000
LINETO,210.7691,22.4110,-47.0000
LINETO,208.9660,22.6772,-47.0000
LINETO,208.9657,20.0302,-47.0000
LINETO,210.8473,22.1600,-47.0000
LINETO,211.6335,21.4140,-47.0000
LINETO,212.0581,20.1508,-47.0000
LINETO,211.8552,19.0223,-47.0000
LINETO,211.2891,18.1566,-47.0000
LINETO,210.4475,17.6480,-47.0000
LINETO,209.2487,17.5607,-47.0000
LINETO,209.2487,22.4394,-47.0000
LINETO,210.8338,22.1677,-47.0000
MOVETO,205.8521,20.0071,-44.0000
LINETO,205.8521,20.0071,-47.0000
LINETO,205.8616,17.3653,-47.0000
LINETO,208.1111,17.4490,-47.0000
LINETO,206.1352,17.5658,-47.0000
LINETO,205.9949,22.6489,-47.0000
LINETO,205.8521,20.0071,-47.0000
MOVETO,203.0027,22.2149,-44.0000
LINETO,203.0027,22.2149,-47.0000
LINETO,200.8814,22.3135,-47.0000
LINETO,200.0101,21.7486,-47.0000
LINETO,199.3848,20.8173,-47.0000
LINETO,199.3372,19.3642,-47.0000
LINETO,199.8945,18.3910,-47.0000
LINETO,200.9230,17.6853,-47.0000
LINETO,202.2032,17.5647,-47.0000
LINETO,203.1423,17.8750,-47.0000
LINETO,203.9529,18.6032,-47.0000
LINETO,204.3918,19.6308,-47.0000
LINETO,204.3383,20.6130,-47.0000
LINETO,203.8473,21.5525,-47.0000
LINETO,203.0556,22.1881,-47.0000
LINETO,200.8805,22.4825,-47.0000
LINETO,202.9473,22.4275,-47.0000
LINETO,204.3452,21.1869,-47.0000
LINETO,204.6073,19.6177,-47.0000
LINETO,204.0127,18.3441,-47.0000
LINETO,202.8312,17.5332,-47.0000
LINETO,201.2656,17.4375,-47.0000
LINETO,199.7570,18.2311,-47.0000
LINETO,199.0756,19.6180,-47.0000
LINETO,199.3963,21.2917,-47.0000
LINETO,200.8704,22.4791,-47.0000
MOVETO,195.4924,22.4696,-44.0000
LINETO,195.4924,22.4696,-47.0000
LINETO,194.6103,21.9879,-47.0000
LINETO,193.8590,21.0011,-47.0000
LINETO,193.8826,18.9740,-47.0000
LINETO,194.4548,18.1602,-47.0000
LINETO,195.5419,17.5160,-47.0000
LINETO,197.8261,17.6493,-47.0000
LINETO,198.1079,17.9031,-47.0000
LINETO,196.9715,17.5710,-47.0000
LINETO,195.5711,17.6797,-47.0000
LINETO,194.1002,19.0377,-47.0000
LINETO,193.9631,20.5943,-47.0000
LINETO,194.8758,21.9420,-47.0000
LINETO,196.1942,22.4546,-47.0000
LINETO,198.0755,22.0997,-47.0000
LINETO,196.9495,22.6103,-47.0000
LINETO,195.4924,22.4696,-47.0000
MOVETO,186.8687,21.9035,-44.0000
LINETO,186.8687,21.9035,-47.0000
LINETO,185.9506,23.5914,-47.0000
LINETO,184.1541,20.1014,-47.0000
LINETO,187.7359,20.1564,-47.0000
LINETO,186.8831,21.8759,-47.0000
LINETO,184.7033,21.5056,-47.0000
LINETO,186.0005,23.9416,-47.0000
LINETO,189.3233,17.3703,-47.0000
LINETO,187.8811,19.9072,-47.0000
LINETO,184.0681,19.9127,-47.0000
LINETO,183.4036,18.7963,-47.0000
LINETO,184.6892,21.4790,-47.0000
MOVETO,183.3966,13.7799,-44.0000
LINETO,183.3966,13.7799,-47.0000
LINETO,185.4723,13.6585,-47.0000
LINETO,185.6273,7.2716,-47.0000
LINETO,185.7554,13.6759,-47.0000
LINETO,188.6796,13.7826,-47.0000
LINETO,183.3966,13.7799,-47.0000
MOVETO,189.5294,9.9116,-44.0000
LINETO,189.5294,9.9116,-47.0000
LINETO,189.6722,7.2697,-47.0000
LINETO,189.8292,10.0059,-47.0000
LINETO,193.5731,10.0059,-47.0000
LINETO,193.7778,7.3013,-47.0000
LINETO,193.7561,12.5453,-47.0000
LINETO,193.5697,10.1946,-47.0000
LINETO,189.8259,10.1946,-47.0000
LINETO,189.6425,12.5451,-47.0000
LINETO,189.5294,9.9116,-47.0000
MOVETO,195.3792,9.9116,-44.0000
LINETO,195.3792,9.9116,-47.0000
LINETO,195.3882,7.2697,-47.0000
LINETO,197.6381,7.3533,-47.0000
LINETO,195.6622,7.4690,-47.0000
LINETO,195.6622,12.3541,-47.0000
LINETO,197.6381,12.4698,-47.0000
LINETO,195.3882,12.5534,-47.0000
LINETO,195.3792,9.9116,-47.0000
MOVETO,196.0868,10.1003,-44.0000
LINETO,196.0868,10.1003,-47.0000
LINETO,197.1716,10.0972,-47.0000
LINETO,196.0868,10.1003,-47.0000
MOVETO,202.6442,9.9116,-44.0000
LINETO,202.6442,9.9116,-47.0000
LINETO,202.7869,7.2697,-47.0000
LINETO,202.9440,10.0059,-47.0000
LINETO,206.6878,10.0059,-47.0000
LINETO,206.8926,7.3013,-47.0000
LINETO,206.8708,12.5453,-47.0000
LINETO,206.6845,10.1946,-47.0000
LINETO,202.9407,10.1946,-47.0000
LINETO,202.7573,12.5451,-47.0000
LINETO,202.6442,9.9116,-47.0000
MOVETO,200.6817,2.2880,-44.0000
LINETO,200.6817,2.2880,-47.0000
LINETO,199.2076,1.1007,-47.0000
LINETO,198.8869,-0.5730,-47.0000
LINETO,199.5683,-1.9600,-47.0000
LINETO,201.0769,-2.7536,-47.0000
LINETO,202.6425,-2.6579,-47.0000
LINETO,203.8240,-1.8470,-47.0000
LINETO,204.4186,-0.5733,-47.0000
LINETO,204.1565,0.9958,-47.0000
LINETO,202.7586,2.2364,-47.0000
LINETO,200.6918,2.2914,-47.0000
LINETO,202.8668,1.9970,-47.0000
LINETO,203.6586,1.3615,-47.0000
LINETO,204.1496,0.4219,-47.0000
LINETO,204.2031,-0.5602,-47.0000
LINETO,203.7642,-1.5879,-47.0000
LINETO,202.9536,-2.3160,-47.0000
LINETO,202.0145,-2.6264,-47.0000
LINETO,200.7343,-2.5058,-47.0000
LINETO,199.7058,-1.8000,-47.0000
LINETO,199.1485,-0.8268,-47.0000
LINETO,199.1961,0.6263,-47.0000
LINETO,199.8214,1.5576,-47.0000
LINETO,200.6927,2.1224,-47.0000
LINETO,202.8140,2.0238,-47.0000
MOVETO,205.6823,0.5991,-44.0000
LINETO,205.6823,0.5991,-47.0000
LINETO,205.7974,-1.3717,-47.0000
LINETO,206.4769,-2.3443,-47.0000
LINETO,207.9157,-2.8254,-47.0000
LINETO,209.1946,-2.2721,-47.0000
LINETO,209.7149,-0.9861,-47.0000
LINETO,209.7483,2.4551,-47.0000
LINETO,209.5111,-1.2970,-47.0000
LINETO,208.6998,-2.4570,-47.0000
LINETO,207.2444,-2.5806,-47.0000
LINETO,206.1999,-1.6922,-47.0000
LINETO,205.8000,2.4578,-47.0000
LINETO,205.6823,0.5991,-47.0000
MOVETO,213.1549,2.3729,-44.0000
LINETO,213.1549,2.3729,-47.0000
LINETO,212.0247,1.8253,-47.0000
LINETO,211.3554,1.0663,-47.0000
LINETO,211.1409,-0.9455,-47.0000
LINETO,211.7079,-1.9242,-47.0000
LINETO,212.6145,-2.5700,-47.0000
LINETO,214.6651,-2.7016,-47.0000
LINETO,215.8103,-1.8344,-47.0000
LINETO,215.9100,-1.1165,-47.0000
LINETO,215.5964,-0.3862,-47.0000
LINETO,216.4600,-0.2589,-47.0000
LINETO,213.9724,-0.2676,-47.0000
LINETO,215.3403,-0.4279,-47.0000
LINETO,215.6407,-1.0733,-47.0000
LINETO,215.4390,-2.0453,-47.0000
LINETO,214.3279,-2.6043,-47.0000
LINETO,212.5839,-2.3607,-47.0000
LINETO,211.3683,-0.9486,-47.0000
LINETO,211.3895,0.6303,-47.0000
LINETO,212.4008,1.8651,-47.0000
LINETO,213.9584,2.2687,-47.0000
LINETO,215.5698,1.9198,-47.0000
LINETO,214.7056,2.3472,-47.0000
LINETO,213.1549,2.3729,-47.0000
MOVETO,217.3629,-0.1840,-44.0000
LINETO,217.3629,-0.1840,-47.0000
LINETO,217.5056,-2.8258,-47.0000
LINETO,217.6627,-0.0896,-47.0000
LINETO,221.4066,-0.0896,-47.0000
LINETO,221.6113,-2.7942,-47.0000
LINETO,221.5895,2.4498,-47.0000
LINETO,221.4032,0.0991,-47.0000
LINETO,217.6594,0.0991,-47.0000
LINETO,217.4760,2.4496,-47.0000
LINETO,217.3629,-0.1840,-47.0000
MOVETO,220.6463,-8.1189,-44.0000
LINETO,220.6463,-8.1189,-47.0000
LINETO,219.0612,-7.8472,-47.0000
LINETO,219.0612,-12.7259,-47.0000
LINETO,220.2600,-12.6386,-47.0000
LINETO,221.1016,-12.1299,-47.0000
LINETO,221.6677,-11.2643,-47.0000
LINETO,221.8706,-10.1358,-47.0000
LINETO,221.4459,-8.8726,-47.0000
LINETO,220.6598,-8.1266,-47.0000
LINETO,218.7782,-10.2564,-47.0000
LINETO,218.7785,-7.6094,-47.0000
LINETO,220.5816,-7.8756,-47.0000
LINETO,221.7478,-8.9524,-47.0000
LINETO,222.0464,-10.5847,-47.0000
LINETO,221.4675,-11.9964,-47.0000
LINETO,220.4485,-12.7369,-47.0000
LINETO,218.7932,-12.9487,-47.0000
LINETO,218.7782,-10.2795,-47.0000
MOVETO,223.3070,-10.2795,-44.0000
LINETO,223.3070,-10.2795,-47.0000
LINETO,223.3160,-12.9213,-47.0000
LINETO,225.5659,-12.8377,-47.0000
LINETO,223.5900,-12.7221,-47.0000
LINETO,223.5900,-7.8369,-47.0000
LINETO,225.5659,-7.7213,-47.0000
LINETO,223.3160,-7.6377,-47.0000
LINETO,223.3070,-10.2795,-47.0000
MOVETO,224.0146,-10.0908,-44.0000
LINETO,224.0146,-10.0908,-47.0000
LINETO,225.0994,-10.0939,-47.0000
LINETO,224.0146,-10.0908,-47.0000
MOVETO,226.7980,-10.2795,-44.0000
LINETO,226.7980,-10.2795,-47.0000
LINETO,226.8070,-12.9213,-47.0000
LINETO,229.0569,-12.8377,-47.0000
LINETO,227.0810,-12.7221,-47.0000
LINETO,227.0810,-7.8369,-47.0000
LINETO,229.0569,-7.7213,-47.0000
LINETO,226.8070,-7.6377,-47.0000
LINETO,226.7980,-10.2795,-47.0000
MOVETO,227.5056,-10.0908,-44.0000
LINETO,227.5056,-10.0908,-47.0000
LINETO,228.5904,-10.0939,-47.0000
LINETO,227.5056,-10.0908,-47.0000
MOVETO,230.2889,-10.2795,-44.0000
LINETO,230.2889,-10.2795,-47.0000
LINETO,230.4319,-12.9213,-47.0000
LINETO,230.5720,-10.4722,-47.0000
LINETO,231.8183,-10.1461,-47.0000
LINETO,232.4589,-9.0419,-47.0000
LINETO,231.7341,-7.9010,-47.0000
LINETO,230.2889,-7.6490,-47.0000
LINETO,230.2889,-10.2588,-47.0000
LINETO,231.6612,-8.0152,-47.0000
LINETO,232.1229,-8.6368,-47.0000
LINETO,232.0369,-9.7070,-47.0000
LINETO,231.4822,-10.1826,-47.0000
LINETO,230.5720,-10.2745,-47.0000
LINETO,230.5824,-7.8264,-47.0000
LINETO,231.6476,-8.0057,-47.0000
MOVETO,233.6856,-10.2795,-44.0000
LINETO,233.6856,-10.2795,-47.0000
LINETO,233.6951,-12.9213,-47.0000
LINETO,235.9446,-12.8376,-47.0000
LINETO,233.9686,-12.7208,-47.0000
LINETO,233.8284,-7.6377,-47.0000
LINETO,233.6856,-10.2795,-47.0000
MOVETO,236.1387,-7.6849,-44.0000
LINETO,236.1387,-7.6849,-47.0000
LINETO,238.1096,-10.9605,-47.0000
LINETO,238.2924,-12.9160,-47.0000
LINETO,238.4124,-10.9056,-47.0000
LINETO,240.2774,-7.6586,-47.0000
LINETO,238.3134,-10.7819,-47.0000
LINETO,236.1387,-7.6849,-47.0000
MOVETO,245.3662,-7.8358,-44.0000
LINETO,245.3662,-7.8358,-47.0000
LINETO,244.8541,-8.3232,-47.0000
LINETO,244.7674,-9.0596,-47.0000
LINETO,246.6179,-11.1458,-47.0000
LINETO,246.7669,-12.0120,-47.0000
LINETO,246.1247,-12.7042,-47.0000
LINETO,244.5776,-12.4765,-47.0000
LINETO,245.7689,-12.9181,-47.0000
LINETO,246.7823,-12.4290,-47.0000
LINETO,246.9682,-11.4602,-47.0000
LINETO,245.1587,-9.4045,-47.0000
LINETO,245.0358,-8.4928,-47.0000
LINETO,245.6355,-7.8651,-47.0000
LINETO,246.8943,-7.9800,-47.0000
LINETO,246.1139,-7.6430,-47.0000
LINETO,245.3662,-7.8358,-47.0000
MOVETO,249.8384,-7.8169,-44.0000
LINETO,249.8384,-7.8169,-47.0000
LINETO,248.9564,-8.2986,-47.0000
LINETO,248.2050,-9.2855,-47.0000
LINETO,248.2286,-11.3126,-47.0000
LINETO,248.8008,-12.1264,-47.0000
LINETO,249.8879,-12.7706,-47.0000
LINETO,252.1721,-12.6373,-47.0000
LINETO,252.4539,-12.3835,-47.0000
LINETO,251.3175,-12.7156,-47.0000
LINETO,249.9171,-12.6069,-47.0000
LINETO,248.4462,-11.2488,-47.0000
LINETO,248.3091,-9.6923,-47.0000
LINETO,249.2219,-8.3445,-47.0000
LINETO,250.5403,-7.8320,-47.0000
LINETO,252.4215,-8.1869,-47.0000
LINETO,251.2955,-7.6763,-47.0000
LINETO,249.8384,-7.8169,-47.0000
MOVETO,250.0177,-2.6465,-44.0000
LINETO,250.0177,-2.6465,-47.0000
LINETO,249.7537,-3.6374,-47.0000
LINETO,250.4328,-1.6993,-47.0000
LINETO,250.0177,-2.6465,-47.0000
MOVETO,246.5173,-0.1840,-44.0000
LINETO,246.5173,-0.1840,-47.0000
LINETO,246.6646,-2.8255,-47.0000
LINETO,246.8003,2.2423,-47.0000
LINETO,247.9317,2.1591,-47.0000
LINETO,248.4129,1.6442,-47.0000
LINETO,248.3929,0.7656,-47.0000
LINETO,247.0229,0.0529,-47.0000
LINETO,249.3938,-2.8080,-47.0000
LINETO,247.2722,-0.0433,-47.0000
LINETO,248.5650,0.7315,-47.0000
LINETO,248.6560,1.4706,-47.0000
LINETO,248.2483,2.1028,-47.0000
LINETO,246.5217,2.4578,-47.0000
LINETO,246.5173,-0.1840,-47.0000
MOVETO,243.7339,0.0047,-44.0000
LINETO,243.7339,0.0047,-47.0000
LINETO,244.8187,0.0017,-47.0000
LINETO,243.7339,0.0047,-47.0000
MOVETO,243.0263,-0.1840,-44.0000
LINETO,243.0263,-0.1840,-47.0000
LINETO,243.0353,-2.8258,-47.0000
LINETO,245.2852,-2.7422,-47.0000
LINETO,243.3094,-2.6266,-47.0000
LINETO,243.3094,2.2586,-47.0000
LINETO,245.2852,2.3743,-47.0000
LINETO,243.0353,2.4578,-47.0000
LINETO,243.0263,-0.1840,-47.0000
MOVETO,237.0822,2.3446,-44.0000
LINETO,237.0822,2.3446,-47.0000
LINETO,239.5353,2.3404,-47.0000
LINETO,239.6995,-2.8209,-47.0000
LINETO,239.8184,2.3422,-47.0000
LINETO,242.1761,2.3503,-47.0000
LINETO,237.0822,2.3446,-47.0000
MOVETO,231.8929,2.3446,-44.0000
LINETO,231.8929,2.3446,-47.0000
LINETO,234.3460,2.3404,-47.0000
LINETO,234.5102,-2.8209,-47.0000
LINETO,234.6291,2.3422,-47.0000
LINETO,236.9868,2.3503,-47.0000
LINETO,231.8929,2.3446,-47.0000
MOVETO,230.7607,-0.1840,-44.0000
LINETO,230.7607,-0.1840,-47.0000
LINETO,230.9035,-2.8258,-47.0000
LINETO,230.9035,2.4578,-47.0000
LINETO,230.7607,-0.1840,-47.0000
MOVETO,228.4397,-0.2217,-44.0000
LINETO,228.4397,-0.2217,-47.0000
LINETO,227.2697,-0.1149,-47.0000
LINETO,227.2824,-2.6371,-47.0000
LINETO,228.6140,-2.4715,-47.0000
LINETO,229.1530,-1.4489,-47.0000
LINETO,229.0309,-0.7287,-47.0000
LINETO,228.4477,-0.2249,-47.0000
LINETO,228.2842,2.1712,-47.0000
LINETO,227.2762,2.2691,-47.0000
LINETO,227.2697,0.1191,-47.0000
LINETO,228.1748,0.1487,-47.0000
LINETO,228.7457,0.6274,-47.0000
LINETO,228.8120,1.5295,-47.0000
LINETO,228.5404,1.9726,-47.0000
LINETO,226.9867,-0.1741,-47.0000
LINETO,226.9867,2.4364,-47.0000
LINETO,227.5769,2.4569,-47.0000
LINETO,228.4448,2.2464,-47.0000
LINETO,228.9787,1.6526,-47.0000
LINETO,228.9472,0.6293,-47.0000
LINETO,228.3005,0.0394,-47.0000
LINETO,229.3353,-0.8913,-47.0000
LINETO,229.1488,-2.1981,-47.0000
LINETO,228.2575,-2.7459,-47.0000
LINETO,226.9932,-2.8258,-47.0000
LINETO,226.9867,-0.1840,-47.0000
MOVETO,223.5240,-18.4125,-44.0000
LINETO,223.5240,-18.4125,-47.0000
LINETO,221.2290,-23.0158,-47.0000
LINETO,222.3496,-21.0355,-47.0000
LINETO,225.3364,-21.0372,-47.0000
LINETO,226.4801,-23.0110,-47.0000
LINETO,223.8785,-17.8297,-47.0000
LINETO,223.5248,-18.4109,-47.0000
LINETO,224.5594,-19.4839,-47.0000
LINETO,225.1931,-20.8015,-47.0000
LINETO,222.4587,-20.7920,-47.0000
LINETO,223.8437,-18.1110,-47.0000
LINETO,224.5336,-19.4315,-47.0000
MOVETO,232.2703,-20.1580,-44.0000
LINETO,232.2703,-20.1580,-47.0000
LINETO,232.2703,-22.5786,-47.0000
LINETO,227.4285,-17.8283,-47.0000
LINETO,227.4536,-22.9825,-47.0000
LINETO,227.6508,-18.1615,-47.0000
LINETO,232.4882,-22.9223,-47.0000
LINETO,232.4162,-17.7334,-47.0000
LINETO,232.2703,-20.1580,-47.0000
MOVETO,234.0630,-20.3750,-44.0000
LINETO,234.0630,-20.3750,-47.0000
LINETO,234.0780,-23.0442,-47.0000
LINETO,235.7333,-22.8325,-47.0000
LINETO,236.7523,-22.0919,-47.0000
LINETO,237.3312,-20.6802,-47.0000
LINETO,237.0326,-19.0479,-47.0000
LINETO,235.8664,-17.9711,-47.0000
LINETO,234.0633,-17.7049,-47.0000
LINETO,234.0630,-20.3519,-47.0000
LINETO,235.9446,-18.2222,-47.0000
LINETO,236.7308,-18.9681,-47.0000
LINETO,237.1554,-20.2314,-47.0000
LINETO,236.9525,-21.3598,-47.0000
LINETO,236.3864,-22.2255,-47.0000
LINETO,235.5448,-22.7341,-47.0000
LINETO,234.3460,-22.8215,-47.0000
LINETO,234.3460,-17.9428,-47.0000
LINETO,235.9311,-18.2144,-47.0000
MOVETO,242.5829,-20.3939,-44.0000
LINETO,242.5829,-20.3939,-47.0000
LINETO,242.0479,-23.0185,-47.0000
LINETO,243.2145,-18.3658,-47.0000
LINETO,245.2922,-21.5579,-47.0000
LINETO,247.3685,-18.2519,-47.0000
LINETO,248.3661,-22.7274,-47.0000
LINETO,248.6696,-22.9463,-47.0000
LINETO,247.4611,-17.8276,-47.0000
LINETO,245.3715,-21.2612,-47.0000
LINETO,243.2151,-17.8276,-47.0000
LINETO,242.5829,-20.3939,-47.0000
MOVETO,241.7997,-27.9420,-44.0000
LINETO,241.7997,-27.9420,-47.0000
LINETO,244.2529,-27.9462,-47.0000
LINETO,244.4170,-33.1075,-47.0000
LINETO,244.5359,-27.9444,-47.0000
LINETO,246.8936,-27.9363,-47.0000
LINETO,241.7997,-27.9420,-47.0000
MOVETO,240.5166,-28.1967,-44.0000
LINETO,240.5166,-28.1967,-47.0000
LINETO,239.4514,-28.0174,-47.0000
LINETO,239.4410,-30.4656,-47.0000
LINETO,240.3512,-30.3737,-47.0000
LINETO,240.9059,-29.8981,-47.0000
LINETO,240.9919,-28.8278,-47.0000
LINETO,240.5302,-28.2062,-47.0000
LINETO,239.1579,-30.4498,-47.0000
LINETO,239.1579,-27.8400,-47.0000
LINETO,240.6031,-28.0920,-47.0000
LINETO,241.3279,-29.2330,-47.0000
LINETO,240.6873,-30.3371,-47.0000
LINETO,239.4410,-30.6632,-47.0000
LINETO,239.3009,-33.1124,-47.0000
LINETO,239.1579,-30.4706,-47.0000
MOVETO,231.9212,-30.4894,-44.0000
LINETO,231.9212,-30.4894,-47.0000
LINETO,231.3862,-33.1141,-47.0000
LINETO,232.5529,-28.4613,-47.0000
LINETO,234.6306,-31.6534,-47.0000
LINETO,236.7068,-28.3475,-47.0000
LINETO,237.7045,-32.8229,-47.0000
LINETO,238.0080,-33.0419,-47.0000
LINETO,236.7995,-27.9231,-47.0000
LINETO,234.7099,-31.3567,-47.0000
LINETO,232.5534,-27.9231,-47.0000
LINETO,231.9212,-30.4894,-47.0000
MOVETO,228.9209,-30.2819,-44.0000
LINETO,228.9209,-30.2819,-47.0000
LINETO,230.0056,-30.2849,-47.0000
LINETO,228.9209,-30.2819,-47.0000
MOVETO,228.2132,-30.4706,-44.0000
LINETO,228.2132,-30.4706,-47.0000
LINETO,228.2223,-33.1124,-47.0000
LINETO,230.4721,-33.0288,-47.0000
LINETO,228.4963,-32.9131,-47.0000
LINETO,228.4963,-28.0280,-47.0000
LINETO,230.4721,-27.9123,-47.0000
LINETO,228.2223,-27.8287,-47.0000
LINETO,228.2132,-30.4706,-47.0000
MOVETO,222.7503,-32.9331,-44.0000
LINETO,222.7503,-32.9331,-47.0000
LINETO,222.4863,-33.9240,-47.0000
LINETO,223.1654,-31.9859,-47.0000
LINETO,222.7503,-32.9331,-47.0000
MOVETO,218.4951,-30.4706,-44.0000
LINETO,218.4951,-30.4706,-47.0000
LINETO,218.5101,-33.1397,-47.0000
LINETO,220.1654,-32.9280,-47.0000
LINETO,221.1844,-32.1875,-47.0000
LINETO,221.7633,-30.7757,-47.0000
LINETO,221.4647,-29.1434,-47.0000
LINETO,220.2985,-28.0667,-47.0000
LINETO,218.4954,-27.8005,-47.0000
LINETO,218.4951,-30.4475,-47.0000
LINETO,220.3767,-28.3177,-47.0000
LINETO,221.1629,-29.0637,-47.0000
LINETO,221.5875,-30.3269,-47.0000
LINETO,221.3847,-31.4554,-47.0000
LINETO,220.8185,-32.3210,-47.0000
LINETO,219.9769,-32.8296,-47.0000
LINETO,218.7782,-32.9170,-47.0000
LINETO,218.7782,-28.0383,-47.0000
LINETO,220.3633,-28.3099,-47.0000
MOVETO,215.3815,-30.4706,-44.0000
LINETO,215.3815,-30.4706,-47.0000
LINETO,215.3911,-33.1124,-47.0000
LINETO,217.6406,-33.0287,-47.0000
LINETO,215.6646,-32.9119,-47.0000
LINETO,215.5243,-27.8288,-47.0000
LINETO,215.3815,-30.4706,-47.0000
MOVETO,212.5321,-28.2628,-44.0000
LINETO,212.5321,-28.2628,-47.0000
LINETO,210.4108,-28.1641,-47.0000
LINETO,209.5395,-28.7290,-47.0000
LINETO,208.9142,-29.6603,-47.0000
LINETO,208.8666,-31.1134,-47.0000
LINETO,209.4239,-32.0866,-47.0000
LINETO,210.4525,-32.7924,-47.0000
LINETO,211.7326,-32.9130,-47.0000
LINETO,212.6717,-32.6026,-47.0000
LINETO,213.4823,-31.8744,-47.0000
LINETO,213.9212,-30.8468,-47.0000
LINETO,213.8677,-29.8647,-47.0000
LINETO,213.3767,-28.9251,-47.0000
LINETO,212.5850,-28.2896,-47.0000
LINETO,210.4099,-27.9951,-47.0000
LINETO,212.4768,-28.0502,-47.0000
LINETO,213.8747,-29.2908,-47.0000
LINETO,214.1368,-30.8599,-47.0000
LINETO,213.5421,-32.1336,-47.0000
LINETO,212.3607,-32.9445,-47.0000
LINETO,210.7950,-33.0402,-47.0000
LINETO,209.2865,-32.2466,-47.0000
LINETO,208.6051,-30.8596,-47.0000
LINETO,208.9257,-29.1859,-47.0000
LINETO,210.3998,-27.9986,-47.0000
MOVETO,205.0218,-28.0080,-44.0000
LINETO,205.0218,-28.0080,-47.0000
LINETO,204.1398,-28.4897,-47.0000
LINETO,203.3884,-29.4766,-47.0000
LINETO,203.4120,-31.5037,-47.0000
LINETO,203.9842,-32.3175,-47.0000
LINETO,205.0713,-32.9617,-47.0000
LINETO,207.3555,-32.8284,-47.0000
LINETO,207.6373,-32.5745,-47.0000
LINETO,206.5009,-32.9067,-47.0000
LINETO,205.1005,-32.7979,-47.0000
LINETO,203.6296,-31.4399,-47.0000
LINETO,203.4925,-29.8834,-47.0000
LINETO,204.4053,-28.5356,-47.0000
LINETO,205.7237,-28.0231,-47.0000
LINETO,207.6049,-28.3780,-47.0000
LINETO,206.4789,-27.8674,-47.0000
LINETO,205.0218,-28.0080,-47.0000
MOVETO,204.3425,-20.3750,-44.0000
LINETO,204.3425,-20.3750,-47.0000
LINETO,204.3515,-23.0169,-47.0000
LINETO,206.6014,-22.9333,-47.0000
LINETO,204.6255,-22.8176,-47.0000
LINETO,204.6255,-17.9325,-47.0000
LINETO,206.6014,-17.8168,-47.0000
LINETO,204.3515,-17.7332,-47.0000
LINETO,204.3425,-20.3750,-47.0000
MOVETO,205.0501,-20.1863,-44.0000
LINETO,205.0501,-20.1863,-47.0000
LINETO,206.1349,-20.1894,-47.0000
LINETO,205.0501,-20.1863,-47.0000
MOVETO,201.7478,-20.1863,-44.0000
LINETO,201.7478,-20.1863,-47.0000
LINETO,202.7377,-20.1917,-47.0000
LINETO,201.7478,-20.1863,-47.0000
MOVETO,201.0402,-20.3750,-44.0000
LINETO,201.0402,-20.3750,-47.0000
LINETO,201.1830,-23.0168,-47.0000
LINETO,201.3233,-17.9328,-47.0000
LINETO,203.2014,-17.8137,-47.0000
LINETO,201.0501,-17.7332,-47.0000
LINETO,201.0402,-20.3750,-47.0000
MOVETO,199.1532,-20.3750,-44.0000
LINETO,199.1532,-20.3750,-47.0000
LINETO,199.2960,-23.0168,-47.0000
LINETO,199.2960,-17.7332,-47.0000
LINETO,199.1532,-20.3750,-47.0000
MOVETO,195.9453,-20.3750,-44.0000
LINETO,195.9453,-20.3750,-47.0000
LINETO,195.9548,-23.0169,-47.0000
LINETO,198.2043,-22.9331,-47.0000
LINETO,196.2283,-22.8163,-47.0000
LINETO,196.0881,-17.7332,-47.0000
LINETO,195.9453,-20.3750,-47.0000
MOVETO,193.7752,-27.9420,-44.0000
LINETO,193.7752,-27.9420,-47.0000
LINETO,196.2283,-27.9462,-47.0000
LINETO,196.3925,-33.1075,-47.0000
LINETO,196.5114,-27.9444,-47.0000
LINETO,198.8691,-27.9363,-47.0000
LINETO,193.7752,-27.9420,-47.0000
MOVETO,191.5863,-28.0269,-44.0000
LINETO,191.5863,-28.0269,-47.0000
LINETO,191.0742,-28.5142,-47.0000
LINETO,190.9875,-29.2506,-47.0000
LINETO,192.8380,-31.3369,-47.0000
LINETO,192.9870,-32.2030,-47.0000
LINETO,192.3448,-32.8952,-47.0000
LINETO,190.7977,-32.6676,-47.0000
LINETO,191.9890,-33.1091,-47.0000
LINETO,193.0023,-32.6201,-47.0000
LINETO,193.1883,-31.6512,-47.0000
LINETO,191.3788,-29.5956,-47.0000
LINETO,191.2558,-28.6839,-47.0000
LINETO,191.8556,-28.0561,-47.0000
LINETO,193.1144,-28.1711,-47.0000
LINETO,192.3339,-27.8340,-47.0000
LINETO,191.5863,-28.0269,-47.0000
MOVETO,185.5856,-29.6875,-44.0000
LINETO,185.5856,-29.6875,-47.0000
LINETO,185.7007,-31.6583,-47.0000
LINETO,186.3802,-32.6309,-47.0000
LINETO,187.8190,-33.1120,-47.0000
LINETO,189.0979,-32.5587,-47.0000
LINETO,189.6182,-31.2727,-47.0000
LINETO,189.6516,-27.8315,-47.0000
LINETO,189.4144,-31.5836,-47.0000
LINETO,188.6031,-32.7436,-47.0000
LINETO,187.1477,-32.8672,-47.0000
LINETO,186.1031,-31.9788,-47.0000
LINETO,185.7033,-27.8288,-47.0000
LINETO,185.5856,-29.6875,-47.0000
MOVETO,183.5853,-29.7158,-44.0000
LINETO,183.5853,-29.7158,-47.0000
LINETO,183.4404,-34.0653,-47.0000
LINETO,183.7939,-32.4439,-47.0000
LINETO,183.7416,-26.5080,-47.0000
LINETO,183.5853,-29.7158,-47.0000
MOVETO,183.3966,-19.7146,-44.0000
LINETO,183.3966,-19.7146,-47.0000
LINETO,183.3966,-23.0044,-47.0000
LINETO,184.9018,-22.9422,-47.0000
LINETO,185.6689,-22.5661,-47.0000
LINETO,186.2274,-21.8668,-47.0000
LINETO,186.2527,-20.6653,-47.0000
LINETO,185.8015,-20.0002,-47.0000
LINETO,184.8780,-19.5016,-47.0000
LINETO,185.8062,-18.7143,-47.0000
LINETO,185.8934,-17.5560,-47.0000
LINETO,185.3365,-16.8113,-47.0000
LINETO,184.2067,-16.4176,-47.0000
LINETO,183.3966,-16.4210,-47.0000
LINETO,183.3966,-19.7109,-47.0000
LINETO,185.1298,-16.8347,-47.0000
LINETO,185.7112,-17.7076,-47.0000
LINETO,185.5667,-18.7137,-47.0000
LINETO,184.8627,-19.3420,-47.0000
LINETO,183.6797,-19.4230,-47.0000
LINETO,183.6797,-16.6247,-47.0000
LINETO,185.0014,-16.7558,-47.0000
LINETO,185.1601,-19.8075,-47.0000
LINETO,185.9186,-20.4709,-47.0000
LINETO,186.1073,-21.4308,-47.0000
LINETO,185.3081,-22.6311,-47.0000
LINETO,183.6797,-22.8231,-47.0000
LINETO,183.6911,-19.6202,-47.0000
LINETO,185.1421,-19.7995,-47.0000
MOVETO,187.0763,-17.7804,-44.0000
LINETO,187.0763,-17.7804,-47.0000
LINETO,189.0472,-21.0561,-47.0000
LINETO,189.2300,-23.0115,-47.0000
LINETO,189.3500,-21.0012,-47.0000
LINETO,191.2151,-17.7541,-47.0000
LINETO,189.2510,-20.8775,-47.0000
LINETO,187.0763,-17.7804,-47.0000
MOVETO,184.6892,-8.8076,-44.0000
LINETO,184.6892,-8.8076,-47.0000
LINETO,183.4036,-11.4903,-47.0000
LINETO,184.0681,-10.3739,-47.0000
LINETO,187.8811,-10.3794,-47.0000
LINETO,189.3233,-12.9163,-47.0000
LINETO,186.0005,-6.3450,-47.0000
LINETO,184.7033,-8.7809,-47.0000
LINETO,186.8831,-8.4107,-47.0000
LINETO,187.7359,-10.1302,-47.0000
LINETO,184.1541,-10.1852,-47.0000
LINETO,185.9506,-6.6952,-47.0000
LINETO,186.8687,-8.3831,-47.0000
MOVETO,194.3224,-7.8358,-44.0000
LINETO,194.3224,-7.8358,-47.0000
LINETO,193.8103,-8.3232,-47.0000
LINETO,193.7237,-9.0596,-47.0000
LINETO,195.5741,-11.1458,-47.0000
LINETO,195.7232,-12.0120,-47.0000
LINETO,195.0810,-12.7042,-47.0000
LINETO,193.5339,-12.4765,-47.0000
LINETO,194.7252,-12.9181,-47.0000
LINETO,195.7385,-12.4290,-47.0000
LINETO,195.9244,-11.4602,-47.0000
LINETO,194.1149,-9.4045,-47.0000
LINETO,193.9920,-8.4928,-47.0000
LINETO,194.5917,-7.8651,-47.0000
LINETO,195.8506,-7.9800,-47.0000
LINETO,195.0701,-7.6430,-47.0000
LINETO,194.3224,-7.8358,-47.0000
MOVETO,197.2662,-10.2795,-44.0000
LINETO,197.2662,-10.2795,-47.0000
LINETO,197.4092,-12.9213,-47.0000
LINETO,197.5492,-10.4722,-47.0000
LINETO,198.7955,-10.1461,-47.0000
LINETO,199.4362,-9.0419,-47.0000
LINETO,198.7114,-7.9010,-47.0000
LINETO,197.2662,-7.6490,-47.0000
LINETO,197.2662,-10.2588,-47.0000
LINETO,198.6385,-8.0152,-47.0000
LINETO,199.1001,-8.6368,-47.0000
LINETO,199.0141,-9.7070,-47.0000
LINETO,198.4595,-10.1826,-47.0000
LINETO,197.5492,-10.2745,-47.0000
LINETO,197.5596,-7.8264,-47.0000
LINETO,198.6248,-8.0057,-47.0000
MOVETO,200.7572,-10.2795,-44.0000
LINETO,200.7572,-10.2795,-47.0000
LINETO,200.9000,-12.9213,-47.0000
LINETO,200.9000,-7.6377,-47.0000
LINETO,200.7572,-10.2795,-47.0000
MOVETO,202.6442,-10.2795,-44.0000
LINETO,202.6442,-10.2795,-47.0000
LINETO,202.7915,-12.9210,-47.0000
LINETO,202.9272,-7.8532,-47.0000
LINETO,204.0586,-7.9364,-47.0000
LINETO,204.5398,-8.4513,-47.0000
LINETO,204.5198,-9.3299,-47.0000
LINETO,203.1498,-10.0426,-47.0000
LINETO,205.5207,-12.9036,-47.0000
LINETO,203.3991,-10.1389,-47.0000
LINETO,204.6919,-9.3640,-47.0000
LINETO,204.7829,-8.6249,-47.0000
LINETO,204.3752,-7.9927,-47.0000
LINETO,202.6486,-7.6377,-47.0000
LINETO,202.6442,-10.2795,-47.0000
MOVETO,206.5126,-10.2795,-44.0000
LINETO,206.5126,-10.2795,-47.0000
LINETO,206.6554,-12.9213,-47.0000
LINETO,206.6554,-7.6377,-47.0000
LINETO,206.5126,-10.2795,-47.0000
MOVETO,207.6448,-7.7509,-44.0000
LINETO,207.6448,-7.7509,-47.0000
LINETO,210.0979,-7.7552,-47.0000
LINETO,210.2621,-12.9165,-47.0000
LINETO,210.3809,-7.7534,-47.0000
LINETO,212.7386,-7.7452,-47.0000
LINETO,207.6448,-7.7509,-47.0000
MOVETO,213.3152,-12.7421,-44.0000
LINETO,213.3152,-12.7421,-47.0000
LINETO,213.0512,-13.7329,-47.0000
LINETO,213.7304,-11.7948,-47.0000
LINETO,213.3152,-12.7421,-47.0000
MOVETO,209.3242,-17.9313,-44.0000
LINETO,209.3242,-17.9313,-47.0000
LINETO,208.8121,-18.4187,-47.0000
LINETO,208.7254,-19.1551,-47.0000
LINETO,210.5759,-21.2414,-47.0000
LINETO,210.7249,-22.1075,-47.0000
LINETO,210.0827,-22.7997,-47.0000
LINETO,208.5356,-22.5721,-47.0000
LINETO,209.7269,-23.0136,-47.0000
LINETO,210.7403,-22.5246,-47.0000
LINETO,210.9262,-21.5557,-47.0000
LINETO,209.1167,-19.5000,-47.0000
LINETO,208.9938,-18.5883,-47.0000
LINETO,209.5935,-17.9606,-47.0000
LINETO,210.8524,-18.0755,-47.0000
LINETO,210.0719,-17.7385,-47.0000
LINETO,209.3242,-17.9313,-47.0000
MOVETO,207.5504,-17.4030,-44.0000
LINETO,207.5504,-17.4030,-47.0000
LINETO,207.6432,-18.3936,-47.0000
LINETO,207.6432,-16.4124,-47.0000
LINETO,207.5504,-17.4030,-47.0000
MOVETO,216.0420,-20.3750,-44.0000
LINETO,216.0420,-20.3750,-47.0000
LINETO,216.1847,-23.0168,-47.0000
LINETO,216.3418,-20.2807,-47.0000
LINETO,220.0856,-20.2807,-47.0000
LINETO,220.2904,-22.9853,-47.0000
LINETO,220.2686,-17.7412,-47.0000
LINETO,220.0823,-20.0920,-47.0000
LINETO,216.3385,-20.0920,-47.0000
LINETO,216.1551,-17.7415,-47.0000
LINETO,216.0420,-20.3750,-47.0000
MOVETO,195.3792,-0.1840,-44.0000
LINETO,195.3792,-0.1840,-47.0000
LINETO,195.5265,-2.8255,-47.0000
LINETO,195.6622,2.2423,-47.0000
LINETO,196.7936,2.1591,-47.0000
LINETO,197.2748,1.6442,-47.0000
LINETO,197.2548,0.7656,-47.0000
LINETO,195.8848,0.0529,-47.0000
LINETO,198.2557,-2.8080,-47.0000
LINETO,196.1341,-0.0433,-47.0000
LINETO,197.4269,0.7315,-47.0000
LINETO,197.5179,1.4706,-47.0000
LINETO,197.1101,2.1028,-47.0000
LINETO,195.3836,2.4578,-47.0000
LINETO,195.3792,-0.1840,-47.0000
MOVETO,189.5294,-0.1840,-44.0000
LINETO,189.5294,-0.1840,-47.0000
LINETO,189.6722,-2.8258,-47.0000
LINETO,189.8292,-0.0896,-47.0000
LINETO,193.5731,-0.0896,-47.0000
LINETO,193.7778,-2.7942,-47.0000
LINETO,193.7561,2.4498,-47.0000
LINETO,193.5697,0.0991,-47.0000
LINETO,189.8259,0.0991,-47.0000
LINETO,189.6425,2.4496,-47.0000
LINETO,189.5294,-0.1840,-47.0000
MOVETO,183.3966,3.6844,-44.0000
LINETO,183.3966,3.6844,-47.0000
LINETO,185.4723,3.5630,-47.0000
LINETO,185.6273,-2.8239,-47.0000
LINETO,185.7554,3.5804,-47.0000
LINETO,188.6796,3.6871,-47.0000
LINETO,183.3966,3.6844,-47.0000
MOVETO,218.6838,20.0071,-44.0000
LINETO,218.6838,20.0071,-47.0000
LINETO,218.6903,17.3653,-47.0000
LINETO,219.9546,17.4452,-47.0000
LINETO,220.8460,17.9929,-47.0000
LINETO,221.0324,19.2998,-47.0000
LINETO,219.9976,20.2304,-47.0000
LINETO,220.6443,20.8203,-47.0000
LINETO,220.6759,21.8437,-47.0000
LINETO,220.1419,22.4375,-47.0000
LINETO,219.2740,22.6479,-47.0000
LINETO,218.6838,22.6275,-47.0000
LINETO,218.6838,20.0169,-47.0000
LINETO,220.2376,22.1637,-47.0000
LINETO,220.5091,21.7205,-47.0000
LINETO,220.4428,20.8185,-47.0000
LINETO,219.8719,20.3398,-47.0000
LINETO,218.9669,20.3101,-47.0000
LINETO,218.9733,22.4602,-47.0000
LINETO,219.9813,22.3623,-47.0000
LINETO,220.1449,19.9662,-47.0000
LINETO,220.7280,19.4623,-47.0000
LINETO,220.8501,18.7421,-47.0000
LINETO,220.3111,17.7196,-47.0000
LINETO,218.9796,17.5540,-47.0000
LINETO,218.9669,20.0761,-47.0000
LINETO,220.1368,19.9693,-47.0000
MOVETO,232.2703,30.3196,-44.0000
LINETO,232.2703,30.3196,-47.0000
LINETO,232.2703,27.8991,-47.0000
LINETO,227.4285,32.6493,-47.0000
LINETO,227.4536,27.4952,-47.0000
LINETO,227.6508,32.3162,-47.0000
LINETO,232.4882,27.5553,-47.0000
LINETO,232.4162,32.7443,-47.0000
LINETO,232.2703,30.3196,-47.0000
MOVETO,235.5915,32.5746,-44.0000
LINETO,235.5915,32.5746,-47.0000
LINETO,234.1173,31.3873,-47.0000
LINETO,233.7967,29.7135,-47.0000
LINETO,234.4781,28.3266,-47.0000
LINETO,235.9867,27.5330,-47.0000
LINETO,237.5523,27.6287,-47.0000
LINETO,238.7338,28.4396,-47.0000
LINETO,239.3284,29.7133,-47.0000
LINETO,239.0663,31.2824,-47.0000
LINETO,237.6684,32.5230,-47.0000
LINETO,235.6016,32.5780,-47.0000
LINETO,237.7766,32.2836,-47.0000
LINETO,238.5683,31.6481,-47.0000
LINETO,239.0594,30.7085,-47.0000
LINETO,239.1129,29.7264,-47.0000
LINETO,238.6740,28.6987,-47.0000
LINETO,237.8634,27.9706,-47.0000
LINETO,236.9243,27.6602,-47.0000
LINETO,235.6441,27.7808,-47.0000
LINETO,234.6155,28.4866,-47.0000
LINETO,234.0583,29.4597,-47.0000
LINETO,234.1058,30.9129,-47.0000
LINETO,234.7312,31.8441,-47.0000
LINETO,235.6025,32.4090,-47.0000
LINETO,237.7238,32.3104,-47.0000
MOVETO,244.3472,30.1026,-44.0000
LINETO,244.3472,30.1026,-47.0000
LINETO,244.3537,27.4608,-47.0000
LINETO,245.6180,27.5407,-47.0000
LINETO,246.5094,28.0884,-47.0000
LINETO,246.6958,29.3953,-47.0000
LINETO,245.6610,30.3260,-47.0000
LINETO,246.3077,30.9159,-47.0000
LINETO,246.3393,31.9392,-47.0000
LINETO,245.8053,32.5330,-47.0000
LINETO,244.9374,32.7435,-47.0000
LINETO,244.3472,32.7230,-47.0000
LINETO,244.3472,30.1125,-47.0000
LINETO,245.9010,32.2592,-47.0000
LINETO,246.1725,31.8161,-47.0000
LINETO,246.1062,30.9140,-47.0000
LINETO,245.5353,30.4353,-47.0000
LINETO,244.6303,30.4057,-47.0000
LINETO,244.6367,32.5557,-47.0000
LINETO,245.6447,32.4578,-47.0000
LINETO,245.8083,30.0617,-47.0000
LINETO,246.3915,29.5579,-47.0000
LINETO,246.5135,28.8377,-47.0000
LINETO,245.9745,27.8151,-47.0000
LINETO,244.6430,27.6495,-47.0000
LINETO,244.6303,30.1716,-47.0000
LINETO,245.8002,30.0649,-47.0000
MOVETO,248.0269,30.1026,-44.0000
LINETO,248.0269,30.1026,-47.0000
LINETO,248.1742,27.4611,-47.0000
LINETO,248.3099,32.5289,-47.0000
LINETO,249.4413,32.4457,-47.0000
LINETO,249.9225,31.9308,-47.0000
LINETO,249.9025,31.0522,-47.0000
LINETO,248.5326,30.3395,-47.0000
LINETO,250.9034,27.4785,-47.0000
LINETO,248.7818,30.2433,-47.0000
LINETO,250.0746,31.0181,-47.0000
LINETO,250.1656,31.7572,-47.0000
LINETO,249.7579,32.3894,-47.0000
LINETO,248.0313,32.7444,-47.0000
LINETO,248.0269,30.1026,-47.0000
MOVETO,251.8009,30.1026,-44.0000
LINETO,251.8009,30.1026,-47.0000
LINETO,251.8100,27.4608,-47.0000
LINETO,254.0598,27.5444,-47.0000
LINETO,252.0840,27.6600,-47.0000
LINETO,252.0840,32.5452,-47.0000
LINETO,254.0598,32.6608,-47.0000
LINETO,251.8100,32.7444,-47.0000
LINETO,251.8009,30.1026,-47.0000
MOVETO,252.5086,30.2913,-44.0000
LINETO,252.5086,30.2913,-47.0000
LINETO,253.5933,30.2882,-47.0000
LINETO,252.5086,30.2913,-47.0000
MOVETO,256.9242,32.0651,-44.0000
LINETO,256.9242,32.0651,-47.0000
LINETO,254.6292,27.4619,-47.0000
LINETO,255.7498,29.4422,-47.0000
LINETO,258.7366,29.4404,-47.0000
LINETO,259.8803,27.4667,-47.0000
LINETO,257.2787,32.6480,-47.0000
LINETO,256.9250,32.0667,-47.0000
LINETO,257.9596,30.9937,-47.0000
LINETO,258.5933,29.6762,-47.0000
LINETO,255.8588,29.6857,-47.0000
LINETO,257.2439,32.3666,-47.0000
LINETO,257.9337,31.0461,-47.0000
MOVETO,260.7642,30.1026,-44.0000
LINETO,260.7642,30.1026,-47.0000
LINETO,260.7793,27.4335,-47.0000
LINETO,262.4346,27.6452,-47.0000
LINETO,263.4536,28.3857,-47.0000
LINETO,264.0325,29.7974,-47.0000
LINETO,263.7339,31.4298,-47.0000
LINETO,262.5677,32.5065,-47.0000
LINETO,260.7646,32.7727,-47.0000
LINETO,260.7642,30.1257,-47.0000
LINETO,262.6459,32.2555,-47.0000
LINETO,263.4320,31.5095,-47.0000
LINETO,263.8567,30.2463,-47.0000
LINETO,263.6538,29.1178,-47.0000
LINETO,263.0876,28.2522,-47.0000
LINETO,262.2460,27.7435,-47.0000
LINETO,261.0473,27.6562,-47.0000
LINETO,261.0473,32.5349,-47.0000
LINETO,262.6324,32.2632,-47.0000
MOVETO,265.0478,27.8948,-44.0000
LINETO,265.0478,27.8948,-47.0000
LINETO,265.3452,27.5119,-47.0000
LINETO,265.3889,27.9304,-47.0000
LINETO,265.0478,27.8948,-47.0000
MOVETO,261.4530,11.8741,-44.0000
LINETO,261.4530,11.8741,-47.0000
LINETO,259.1580,7.2708,-47.0000
LINETO,260.2786,9.2511,-47.0000
LINETO,263.2654,9.2494,-47.0000
LINETO,264.4091,7.2756,-47.0000
LINETO,261.8075,12.4569,-47.0000
LINETO,261.4538,11.8756,-47.0000
LINETO,262.4884,10.8026,-47.0000
LINETO,263.1221,9.4851,-47.0000
LINETO,260.3877,9.4946,-47.0000
LINETO,261.7727,12.1756,-47.0000
LINETO,262.4626,10.8551,-47.0000
MOVETO,270.1993,10.1286,-44.0000
LINETO,270.1993,10.1286,-47.0000
LINETO,270.1993,7.7080,-47.0000
LINETO,265.3575,12.4583,-47.0000
LINETO,265.3826,7.3041,-47.0000
LINETO,265.5798,12.1251,-47.0000
LINETO,270.4172,7.3643,-47.0000
LINETO,270.3452,12.5532,-47.0000
LINETO,270.1993,10.1286,-47.0000
MOVETO,271.9920,9.9116,-44.0000
LINETO,271.9920,9.9116,-47.0000
LINETO,272.0010,7.2697,-47.0000
LINETO,274.2509,7.3533,-47.0000
LINETO,272.2750,7.4690,-47.0000
LINETO,272.2750,12.3541,-47.0000
LINETO,274.2509,12.4698,-47.0000
LINETO,272.0010,12.5534,-47.0000
LINETO,271.9920,9.9116,-47.0000
MOVETO,272.6996,10.1003,-44.0000
LINETO,272.6996,10.1003,-47.0000
LINETO,273.7844,10.0972,-47.0000
LINETO,272.6996,10.1003,-47.0000
MOVETO,275.2376,7.7037,-44.0000
LINETO,275.2376,7.7037,-47.0000
LINETO,275.5351,7.3208,-47.0000
LINETO,275.5788,7.7393,-47.0000
LINETO,275.2376,7.7037,-47.0000
MOVETO,272.4449,1.9767,-44.0000
LINETO,272.4449,1.9767,-47.0000
LINETO,270.8598,2.2483,-47.0000
LINETO,270.8598,-2.6304,-47.0000
LINETO,272.0585,-2.5431,-47.0000
LINETO,272.9001,-2.0344,-47.0000
LINETO,273.4663,-1.1688,-47.0000
LINETO,273.6691,-0.0403,-47.0000
LINETO,273.2445,1.2229,-47.0000
LINETO,272.4584,1.9689,-47.0000
LINETO,270.5767,-0.1609,-47.0000
LINETO,270.5770,2.4861,-47.0000
LINETO,272.3802,2.2199,-47.0000
LINETO,273.5464,1.1432,-47.0000
LINETO,273.8449,-0.4891,-47.0000
LINETO,273.2660,-1.9009,-47.0000
LINETO,272.2471,-2.6414,-47.0000
LINETO,270.5917,-2.8531,-47.0000
LINETO,270.5767,-0.1840,-47.0000
MOVETO,266.8027,-0.1840,-44.0000
LINETO,266.8027,-0.1840,-47.0000
LINETO,266.9500,-2.8255,-47.0000
LINETO,267.0857,2.2423,-47.0000
LINETO,268.2171,2.1591,-47.0000
LINETO,268.6983,1.6442,-47.0000
LINETO,268.6783,0.7656,-47.0000
LINETO,267.3084,0.0529,-47.0000
LINETO,269.6792,-2.8080,-47.0000
LINETO,267.5576,-0.0433,-47.0000
LINETO,268.8504,0.7315,-47.0000
LINETO,268.9414,1.4706,-47.0000
LINETO,268.5337,2.1028,-47.0000
LINETO,266.8071,2.4578,-47.0000
LINETO,266.8027,-0.1840,-47.0000
MOVETO,263.9722,0.7595,-44.0000
LINETO,263.9722,0.7595,-47.0000
LINETO,263.2823,2.0800,-47.0000
LINETO,261.8973,-0.6009,-47.0000
LINETO,264.6317,-0.6104,-47.0000
LINETO,263.9980,0.7071,-47.0000
LINETO,262.9634,1.7801,-47.0000
LINETO,263.3171,2.3614,-47.0000
LINETO,265.9187,-2.8199,-47.0000
LINETO,264.7750,-0.8462,-47.0000
LINETO,261.7883,-0.8444,-47.0000
LINETO,260.6676,-2.8247,-47.0000
LINETO,262.9626,1.7785,-47.0000
MOVETO,255.4806,-0.1840,-44.0000
LINETO,255.4806,-0.1840,-47.0000
LINETO,255.6233,-2.8258,-47.0000
LINETO,255.7804,-0.0896,-47.0000
LINETO,259.5243,-0.0896,-47.0000
LINETO,259.7290,-2.7942,-47.0000
LINETO,259.7072,2.4498,-47.0000
LINETO,259.5209,0.0991,-47.0000
LINETO,255.7771,0.0991,-47.0000
LINETO,255.5937,2.4496,-47.0000
LINETO,255.4806,-0.1840,-47.0000
MOVETO,255.3202,-8.3170,-44.0000
LINETO,255.3202,-8.3170,-47.0000
LINETO,253.0252,-12.9202,-47.0000
LINETO,254.1458,-10.9400,-47.0000
LINETO,257.1326,-10.9417,-47.0000
LINETO,258.2763,-12.9155,-47.0000
LINETO,255.6747,-7.7341,-47.0000
LINETO,255.3210,-8.3154,-47.0000
LINETO,256.3556,-9.3884,-47.0000
LINETO,256.9893,-10.7059,-47.0000
LINETO,254.2549,-10.6964,-47.0000
LINETO,255.6399,-8.0155,-47.0000
LINETO,256.3298,-9.3360,-47.0000
MOVETO,259.1603,-10.2795,-44.0000
LINETO,259.1603,-10.2795,-47.0000
LINETO,259.3076,-12.9210,-47.0000
LINETO,259.4433,-7.8532,-47.0000
LINETO,260.5747,-7.9364,-47.0000
LINETO,261.0559,-8.4513,-47.0000
LINETO,261.0359,-9.3299,-47.0000
LINETO,259.6659,-10.0426,-47.0000
LINETO,262.0368,-12.9036,-47.0000
LINETO,259.9152,-10.1389,-47.0000
LINETO,261.2080,-9.3640,-47.0000
LINETO,261.2990,-8.6249,-47.0000
LINETO,260.8913,-7.9927,-47.0000
LINETO,259.1647,-7.6377,-47.0000
LINETO,259.1603,-10.2795,-47.0000
MOVETO,262.9343,-10.2795,-44.0000
LINETO,262.9343,-10.2795,-47.0000
LINETO,263.0817,-12.9210,-47.0000
LINETO,263.2174,-7.8532,-47.0000
LINETO,264.3487,-7.9364,-47.0000
LINETO,264.8299,-8.4513,-47.0000
LINETO,264.8099,-9.3299,-47.0000
LINETO,263.4400,-10.0426,-47.0000
LINETO,265.8108,-12.9036,-47.0000
LINETO,263.6892,-10.1389,-47.0000
LINETO,264.9820,-9.3640,-47.0000
LINETO,265.0730,-8.6249,-47.0000
LINETO,264.6653,-7.9927,-47.0000
LINETO,262.9387,-7.6377,-47.0000
LINETO,262.9343,-10.2795,-47.0000
MOVETO,266.7083,-10.2795,-44.0000
LINETO,266.7083,-10.2795,-47.0000
LINETO,266.7174,-12.9213,-47.0000
LINETO,268.9672,-12.8377,-47.0000
LINETO,266.9914,-12.7221,-47.0000
LINETO,266.9914,-7.8369,-47.0000
LINETO,268.9672,-7.7213,-47.0000
LINETO,266.7174,-7.6377,-47.0000
LINETO,266.7083,-10.2795,-47.0000
MOVETO,267.4160,-10.0908,-44.0000
LINETO,267.4160,-10.0908,-47.0000
LINETO,268.5007,-10.0939,-47.0000
LINETO,267.4160,-10.0908,-47.0000
MOVETO,270.1993,-10.2795,-44.0000
LINETO,270.1993,-10.2795,-47.0000
LINETO,270.2143,-12.9487,-47.0000
LINETO,271.8697,-12.7369,-47.0000
LINETO,272.8886,-11.9964,-47.0000
LINETO,273.4675,-10.5847,-47.0000
LINETO,273.1690,-8.9524,-47.0000
LINETO,272.0028,-7.8756,-47.0000
LINETO,270.1996,-7.6094,-47.0000
LINETO,270.1993,-10.2564,-47.0000
LINETO,272.0810,-8.1266,-47.0000
LINETO,272.8671,-8.8726,-47.0000
LINETO,273.2917,-10.1358,-47.0000
LINETO,273.0889,-11.2643,-47.0000
LINETO,272.5227,-12.1299,-47.0000
LINETO,271.6811,-12.6386,-47.0000
LINETO,270.4824,-12.7259,-47.0000
LINETO,270.4824,-7.8472,-47.0000
LINETO,272.0675,-8.1189,-47.0000
MOVETO,274.4828,-12.4873,-44.0000
LINETO,274.4828,-12.4873,-47.0000
LINETO,274.7803,-12.8703,-47.0000
LINETO,274.8240,-12.4517,-47.0000
LINETO,274.4828,-12.4873,-47.0000
MOVETO,268.1991,-18.2144,-44.0000
LINETO,268.1991,-18.2144,-47.0000
LINETO,266.6140,-17.9428,-47.0000
LINETO,266.6140,-22.8215,-47.0000
LINETO,267.8127,-22.7341,-47.0000
LINETO,268.6543,-22.2255,-47.0000
LINETO,269.2205,-21.3598,-47.0000
LINETO,269.4234,-20.2314,-47.0000
LINETO,268.9987,-18.9681,-47.0000
LINETO,268.2126,-18.2222,-47.0000
LINETO,266.3309,-20.3519,-47.0000
LINETO,266.3313,-17.7049,-47.0000
LINETO,268.1344,-17.9711,-47.0000
LINETO,269.3006,-19.0479,-47.0000
LINETO,269.5992,-20.6802,-47.0000
LINETO,269.0203,-22.0919,-47.0000
LINETO,268.0013,-22.8325,-47.0000
LINETO,266.3460,-23.0442,-47.0000
LINETO,266.3309,-20.3750,-47.0000
MOVETO,263.5476,-20.1863,-44.0000
LINETO,263.5476,-20.1863,-47.0000
LINETO,264.6323,-20.1894,-47.0000
LINETO,263.5476,-20.1863,-47.0000
MOVETO,262.8400,-20.3750,-44.0000
LINETO,262.8400,-20.3750,-47.0000
LINETO,262.8490,-23.0169,-47.0000
LINETO,265.0989,-22.9333,-47.0000
LINETO,263.1230,-22.8176,-47.0000
LINETO,263.1230,-17.9325,-47.0000
LINETO,265.0989,-17.8168,-47.0000
LINETO,262.8490,-17.7332,-47.0000
LINETO,262.8400,-20.3750,-47.0000
MOVETO,259.0659,-20.3750,-44.0000
LINETO,259.0659,-20.3750,-47.0000
LINETO,259.2133,-23.0166,-47.0000
LINETO,259.3490,-17.9488,-47.0000
LINETO,260.4804,-18.0319,-47.0000
LINETO,260.9615,-18.5468,-47.0000
LINETO,260.9416,-19.4255,-47.0000
LINETO,259.5716,-20.1381,-47.0000
LINETO,261.9424,-22.9991,-47.0000
LINETO,259.8208,-20.2344,-47.0000
LINETO,261.1136,-19.4595,-47.0000
LINETO,261.2046,-18.7204,-47.0000
LINETO,260.7969,-18.0882,-47.0000
LINETO,259.0704,-17.7332,-47.0000
LINETO,259.0659,-20.3750,-47.0000
MOVETO,255.2919,-20.3750,-44.0000
LINETO,255.2919,-20.3750,-47.0000
LINETO,255.4392,-23.0166,-47.0000
LINETO,255.5749,-17.9488,-47.0000
LINETO,256.7063,-18.0319,-47.0000
LINETO,257.1875,-18.5468,-47.0000
LINETO,257.1675,-19.4255,-47.0000
LINETO,255.7976,-20.1381,-47.0000
LINETO,258.1684,-22.9991,-47.0000
LINETO,256.0468,-20.2344,-47.0000
LINETO,257.3396,-19.4595,-47.0000
LINETO,257.4306,-18.7204,-47.0000
LINETO,257.0229,-18.0882,-47.0000
LINETO,255.2963,-17.7332,-47.0000
LINETO,255.2919,-20.3750,-47.0000
MOVETO,252.4614,-19.4315,-44.0000
LINETO,252.4614,-19.4315,-47.0000
LINETO,251.7715,-18.1110,-47.0000
LINETO,250.3865,-20.7920,-47.0000
LINETO,253.1210,-20.8015,-47.0000
LINETO,252.4872,-19.4839,-47.0000
LINETO,251.4526,-18.4109,-47.0000
LINETO,251.8064,-17.8297,-47.0000
LINETO,254.4079,-23.0110,-47.0000
LINETO,253.2642,-21.0372,-47.0000
LINETO,250.2775,-21.0355,-47.0000
LINETO,249.1568,-23.0158,-47.0000
LINETO,251.4518,-18.4125,-47.0000
MOVETO,247.0834,-27.8759,-44.0000
LINETO,247.0834,-27.8759,-47.0000
LINETO,249.0543,-31.1516,-47.0000
LINETO,249.2371,-33.1071,-47.0000
LINETO,249.3571,-31.0967,-47.0000
LINETO,251.2221,-27.8496,-47.0000
LINETO,249.2581,-30.9730,-47.0000
LINETO,247.0834,-27.8759,-47.0000
MOVETO,255.9524,-30.4706,-44.0000
LINETO,255.9524,-30.4706,-47.0000
LINETO,255.9674,-33.1397,-47.0000
LINETO,257.6227,-32.9280,-47.0000
LINETO,258.6417,-32.1875,-47.0000
LINETO,259.2206,-30.7757,-47.0000
LINETO,258.9220,-29.1434,-47.0000
LINETO,257.7558,-28.0667,-47.0000
LINETO,255.9527,-27.8005,-47.0000
LINETO,255.9524,-30.4475,-47.0000
LINETO,257.8340,-28.3177,-47.0000
LINETO,258.6201,-29.0637,-47.0000
LINETO,259.0448,-30.3269,-47.0000
LINETO,258.8419,-31.4554,-47.0000
LINETO,258.2758,-32.3210,-47.0000
LINETO,257.4341,-32.8296,-47.0000
LINETO,256.2354,-32.9170,-47.0000
LINETO,256.2354,-28.0383,-47.0000
LINETO,257.8205,-28.3099,-47.0000
MOVETO,260.4812,-30.4706,-44.0000
LINETO,260.4812,-30.4706,-47.0000
LINETO,260.6285,-33.1121,-47.0000
LINETO,260.7642,-28.0443,-47.0000
LINETO,261.8956,-28.1275,-47.0000
LINETO,262.3768,-28.6424,-47.0000
LINETO,262.3568,-29.5210,-47.0000
LINETO,260.9869,-30.2336,-47.0000
LINETO,263.3577,-33.0946,-47.0000
LINETO,261.2361,-30.3299,-47.0000
LINETO,262.5289,-29.5551,-47.0000
LINETO,262.6199,-28.8160,-47.0000
LINETO,262.2122,-28.1838,-47.0000
LINETO,260.4856,-27.8287,-47.0000
LINETO,260.4812,-30.4706,-47.0000
MOVETO,264.2552,-30.4706,-44.0000
LINETO,264.2552,-30.4706,-47.0000
LINETO,264.2643,-33.1124,-47.0000
LINETO,266.5141,-33.0288,-47.0000
LINETO,264.5383,-32.9131,-47.0000
LINETO,264.5383,-28.0280,-47.0000
LINETO,266.5141,-27.9123,-47.0000
LINETO,264.2643,-27.8287,-47.0000
LINETO,264.2552,-30.4706,-47.0000
MOVETO,264.9628,-30.2819,-44.0000
LINETO,264.9628,-30.2819,-47.0000
LINETO,266.0476,-30.2849,-47.0000
LINETO,264.9628,-30.2819,-47.0000
MOVETO,269.3785,-28.5081,-44.0000
LINETO,269.3785,-28.5081,-47.0000
LINETO,267.0835,-33.1113,-47.0000
LINETO,268.2041,-31.1310,-47.0000
LINETO,271.1909,-31.1327,-47.0000
LINETO,272.3346,-33.1065,-47.0000
LINETO,269.7330,-27.9252,-47.0000
LINETO,269.3793,-28.5065,-47.0000
LINETO,270.4139,-29.5795,-47.0000
LINETO,271.0476,-30.8970,-47.0000
LINETO,268.3131,-30.8875,-47.0000
LINETO,269.6982,-28.2066,-47.0000
LINETO,270.3880,-29.5271,-47.0000
MOVETO,273.2185,-30.4706,-44.0000
LINETO,273.2185,-30.4706,-47.0000
LINETO,273.2336,-33.1397,-47.0000
LINETO,274.8889,-32.9280,-47.0000
LINETO,275.9079,-32.1875,-47.0000
LINETO,276.4868,-30.7757,-47.0000
LINETO,276.1882,-29.1434,-47.0000
LINETO,275.0220,-28.0667,-47.0000
LINETO,273.2189,-27.8005,-47.0000
LINETO,273.2185,-30.4475,-47.0000
LINETO,275.1002,-28.3177,-47.0000
LINETO,275.8863,-29.0637,-47.0000
LINETO,276.3110,-30.3269,-47.0000
LINETO,276.1081,-31.4554,-47.0000
LINETO,275.5419,-32.3210,-47.0000
LINETO,274.7003,-32.8296,-47.0000
LINETO,273.5016,-32.9170,-47.0000
LINETO,273.5016,-28.0383,-47.0000
LINETO,275.0867,-28.3099,-47.0000
MOVETO,277.5021,-32.6784,-44.0000
LINETO,277.5021,-32.6784,-47.0000
LINETO,277.7995,-33.0613,-47.0000
LINETO,277.8432,-32.6428,-47.0000
LINETO,277.5021,-32.6784,-47.0000
MOVETO,270.6145,-22.5828,-44.0000
LINETO,270.6145,-22.5828,-47.0000
LINETO,270.9119,-22.9658,-47.0000
LINETO,270.9556,-22.5472,-47.0000
LINETO,270.6145,-22.5828,-47.0000
MOVETO,278.8796,-0.1840,-44.0000
LINETO,278.8796,-0.1840,-47.0000
LINETO,279.0269,-2.8255,-47.0000
LINETO,279.1626,2.2423,-47.0000
LINETO,280.2940,2.1591,-47.0000
LINETO,280.7752,1.6442,-47.0000
LINETO,280.7552,0.7656,-47.0000
LINETO,279.3852,0.0529,-47.0000
LINETO,281.7561,-2.8080,-47.0000
LINETO,279.6345,-0.0433,-47.0000
LINETO,280.9273,0.7315,-47.0000
LINETO,281.0183,1.4706,-47.0000
LINETO,280.6106,2.1028,-47.0000
LINETO,278.8840,2.4578,-47.0000
LINETO,278.8796,-0.1840,-47.0000
MOVETO,284.2859,1.7785,-44.0000
LINETO,284.2859,1.7785,-47.0000
LINETO,281.9909,-2.8247,-47.0000
LINETO,283.1115,-0.8444,-47.0000
LINETO,286.0983,-0.8462,-47.0000
LINETO,287.2420,-2.8199,-47.0000
LINETO,284.6404,2.3614,-47.0000
LINETO,284.2867,1.7801,-47.0000
LINETO,285.3213,0.7071,-47.0000
LINETO,285.9550,-0.6104,-47.0000
LINETO,283.2205,-0.6009,-47.0000
LINETO,284.6056,2.0800,-47.0000
LINETO,285.2954,0.7595,-47.0000
MOVETO,288.2203,-0.1840,-44.0000
LINETO,288.2203,-0.1840,-47.0000
LINETO,288.3631,-2.8258,-47.0000
LINETO,288.3631,2.4578,-47.0000
LINETO,288.2203,-0.1840,-47.0000
MOVETO,295.0136,0.0330,-44.0000
LINETO,295.0136,0.0330,-47.0000
LINETO,295.0136,-2.3875,-47.0000
LINETO,290.1717,2.3627,-47.0000
LINETO,290.1969,-2.7914,-47.0000
LINETO,290.3941,2.0296,-47.0000
LINETO,295.2314,-2.7312,-47.0000
LINETO,295.1594,2.4577,-47.0000
LINETO,295.0136,0.0330,-47.0000
MOVETO,296.5420,-2.5427,-44.0000
LINETO,296.5420,-2.5427,-47.0000
LINETO,296.5420,-2.5427,-47.0000
MOVETO,296.5420,-2.5427,-4.0000
