MOVETO,231.3572,48.4673,-45.0000
LINETO,231.3572,48.4673,-55.0000
LINETO,226.5530,47.5415,-55.0000
LINETO,223.5085,46.1348,-55.0000
LINETO,221.5789,44.7579,-55.0000
LINETO,219.7808,41.7458,-55.0000
LINETO,219.3661,37.0188,-55.0000
LINETO,226.8555,-39.8034,-55.0000
LINETO,227.8825,-42.7139,-55.0000
LINETO,229.7824,-44.9874,-55.0000
LINETO,231.9341,-46.2417,-55.0000
LINETO,234.7979,-46.6750,-55.0000
LINETO,257.3659,-44.4546,-55.0000
LINETO,269.4770,-42.5570,-55.0000
LINETO,271.6699,-41.8413,-55.0000
LINETO,272.9627,-40.8254,-55.0000
LINETO,274.3089,-38.8945,-55.0000
LINETO,274.8988,-36.8335,-55.0000
LINETO,274.6650,-25.5438,-55.0000
LINETO,270.8227,16.4425,-55.0000
LINETO,268.3473,37.4867,-55.0000
LINETO,267.8127,40.2976,-55.0000
LINETO,266.7695,43.0621,-55.0000
LINETO,265.6701,44.7068,-55.0000
LINETO,264.3170,45.8706,-55.0000
LINETO,260.2373,47.2355,-55.0000
LINETO,245.8986,48.2347,-55.0000
LINETO,231.3671,48.4679,-55.0000
LINETO,248.9107,47.9069,-55.0000
LINETO,260.3524,47.0335,-55.0000
LINETO,264.2332,45.6299,-55.0000
LINETO,266.6529,42.7617,-55.0000
LINETO,267.5821,40.2936,-55.0000
LINETO,268.3359,36.4095,-55.0000
LINETO,270.5491,17.3338,-55.0000
LINETO,274.4551,-25.2321,-55.0000
LINETO,274.7629,-36.4219,-55.0000
LINETO,274.3772,-38.2901,-55.0000
LINETO,273.2317,-40.1114,-55.0000
LINETO,271.7120,-41.5048,-55.0000
LINETO,269.8424,-42.2530,-55.0000
LINETO,261.0408,-43.8156,-55.0000
LINETO,240.3913,-46.1607,-55.0000
LINETO,234.9466,-46.5077,-55.0000
LINETO,231.9600,-46.0370,-55.0000
LINETO,229.2720,-44.1340,-55.0000
LINETO,227.4067,-41.1983,-55.0000
LINETO,226.5257,-35.6077,-55.0000
LINETO,219.7670,34.0939,-55.0000
LINETO,219.7184,40.9210,-55.0000
LINETO,220.6116,43.1263,-55.0000
LINETO,222.1062,44.8572,-55.0000
LINETO,224.5418,46.4239,-55.0000
LINETO,227.6280,47.7066,-55.0000
LINETO,233.0966,48.3503,-55.0000
LINETO,244.8597,48.0815,-55.0000
MOVETO,244.2167,47.0895,-45.0000
LINETO,244.2167,47.0895,-55.0000
LINETO,233.9863,47.3384,-55.0000
LINETO,229.2301,47.0063,-55.0000
LINETO,226.5616,45.3777,-55.0000
LINETO,225.0836,42.2364,-55.0000
LINETO,225.1773,35.2655,-55.0000
LINETO,233.2614,-40.0327,-55.0000
LINETO,234.3307,-41.9159,-55.0000
LINETO,235.9344,-43.4715,-55.0000
LINETO,237.8924,-44.5074,-55.0000
LINETO,239.9539,-44.8936,-55.0000
LINETO,254.1835,-43.6047,-55.0000
LINETO,266.5118,-41.9414,-55.0000
LINETO,270.5512,-40.9251,-55.0000
LINETO,272.4751,-39.4350,-55.0000
LINETO,273.6834,-36.6013,-55.0000
LINETO,273.8975,-32.6175,-55.0000
LINETO,268.8769,23.2215,-55.0000
LINETO,267.0783,37.7226,-55.0000
LINETO,265.6531,42.4773,-55.0000
LINETO,263.4033,44.9300,-55.0000
LINETO,260.0167,46.0694,-55.0000
LINETO,244.2477,47.0882,-55.0000
LINETO,229.6117,47.2765,-55.0000
LINETO,229.9108,47.3241,-55.0000
LINETO,240.7842,47.3979,-55.0000
LINETO,258.9834,46.3480,-55.0000
LINETO,263.3210,45.2720,-55.0000
LINETO,265.7780,42.8075,-55.0000
LINETO,267.3707,36.8655,-55.0000
LINETO,269.3343,20.7128,-55.0000
LINETO,272.8565,-16.9043,-55.0000
LINETO,274.1169,-34.4028,-55.0000
LINETO,273.7859,-36.9929,-55.0000
LINETO,273.0067,-39.0507,-55.0000
LINETO,271.7849,-40.4844,-55.0000
LINETO,270.1202,-41.3085,-55.0000
LINETO,260.2144,-43.0510,-55.0000
LINETO,240.4738,-45.0945,-55.0000
LINETO,237.2364,-44.5029,-55.0000
LINETO,234.7671,-42.8424,-55.0000
LINETO,233.1148,-40.0926,-55.0000
LINETO,232.5337,-36.7323,-55.0000
LINETO,224.7811,38.0543,-55.0000
LINETO,224.9329,42.1170,-55.0000
LINETO,225.6036,44.4238,-55.0000
LINETO,227.2080,46.3130,-55.0000
LINETO,229.5936,47.2732,-55.0000
MOVETO,232.8268,45.4178,-45.0000
LINETO,232.8268,45.4178,-55.0000
LINETO,229.9532,44.7806,-55.0000
LINETO,228.2376,43.8003,-55.0000
LINETO,227.2491,42.3729,-55.0000
LINETO,226.8345,40.2150,-55.0000
LINETO,227.0658,34.4795,-55.0000
LINETO,230.0645,5.5063,-55.0000
LINETO,234.8450,-37.0787,-55.0000
LINETO,235.8378,-39.6983,-55.0000
LINETO,237.4265,-41.5338,-55.0000
LINETO,239.3461,-42.5173,-55.0000
LINETO,242.1300,-42.8760,-55.0000
LINETO,256.5543,-41.7524,-55.0000
LINETO,267.8694,-39.9731,-55.0000
LINETO,269.8244,-39.2710,-55.0000
LINETO,271.2272,-38.2063,-55.0000
LINETO,272.1441,-36.7416,-55.0000
LINETO,272.7058,-34.6889,-55.0000
LINETO,268.1081,18.8435,-55.0000
LINETO,266.0265,36.4989,-55.0000
LINETO,264.8427,40.8287,-55.0000
LINETO,263.8573,42.3185,-55.0000
LINETO,262.5198,43.4122,-55.0000
LINETO,258.3984,44.6032,-55.0000
LINETO,251.2484,45.0850,-55.0000
LINETO,232.9221,45.4278,-55.0000
LINETO,258.7178,44.3819,-55.0000
LINETO,262.3054,43.2783,-55.0000
LINETO,264.6833,40.7282,-55.0000
LINETO,265.9580,35.6288,-55.0000
LINETO,267.6854,21.0804,-55.0000
LINETO,272.6462,-33.5822,-55.0000
LINETO,271.5528,-37.3535,-55.0000
LINETO,269.0291,-39.4433,-55.0000
LINETO,264.2496,-40.5482,-55.0000
LINETO,253.8299,-41.8619,-55.0000
LINETO,244.4204,-42.6652,-55.0000
LINETO,239.7946,-42.4233,-55.0000
LINETO,238.2256,-41.8244,-55.0000
LINETO,236.9500,-40.7917,-55.0000
LINETO,235.1718,-37.5334,-55.0000
LINETO,234.2815,-32.4554,-55.0000
LINETO,227.3689,33.2634,-55.0000
LINETO,227.1153,41.0895,-55.0000
LINETO,227.6884,42.7281,-55.0000
LINETO,228.8797,43.9618,-55.0000
LINETO,232.5593,45.1877,-55.0000
LINETO,249.2687,44.9585,-55.0000
MOVETO,247.6153,44.0399,-45.0000
LINETO,247.6153,44.0399,-55.0000
LINETO,235.9616,44.3302,-55.0000
LINETO,231.5772,44.0926,-55.0000
LINETO,228.9268,42.7142,-55.0000
LINETO,227.9176,40.1616,-55.0000
LINETO,227.9416,35.9711,-55.0000
LINETO,235.0554,-30.0326,-55.0000
LINETO,236.2211,-37.7060,-55.0000
LINETO,238.1319,-40.5585,-55.0000
LINETO,241.4394,-41.6372,-55.0000
LINETO,248.0965,-41.4314,-55.0000
LINETO,261.0699,-39.9806,-55.0000
LINETO,267.3434,-38.9622,-55.0000
LINETO,269.3895,-38.0779,-55.0000
LINETO,271.1912,-35.8599,-55.0000
LINETO,271.5143,-32.8855,-55.0000
LINETO,266.8930,19.0033,-55.0000
LINETO,265.0182,35.2724,-55.0000
LINETO,263.8700,40.0247,-55.0000
LINETO,262.0093,42.2817,-55.0000
LINETO,258.4207,43.4164,-55.0000
LINETO,232.8328,44.4263,-55.0000
LINETO,245.6769,44.2851,-55.0000
LINETO,258.0992,43.6405,-55.0000
LINETO,261.9387,42.5980,-55.0000
LINETO,263.8507,40.5613,-55.0000
LINETO,265.1629,35.5851,-55.0000
LINETO,266.9447,20.2921,-55.0000
LINETO,271.7185,-34.1753,-55.0000
LINETO,271.3274,-36.0300,-55.0000
LINETO,270.5405,-37.4192,-55.0000
LINETO,269.3220,-38.4138,-55.0000
LINETO,267.6328,-39.0711,-55.0000
LINETO,254.2307,-41.0169,-55.0000
LINETO,242.4053,-41.8858,-55.0000
LINETO,238.9401,-41.2991,-55.0000
LINETO,236.8972,-39.5780,-55.0000
LINETO,235.7182,-36.3463,-55.0000
LINETO,234.8656,-30.0285,-55.0000
LINETO,227.6011,38.0104,-55.0000
LINETO,227.8826,40.9880,-55.0000
LINETO,228.7188,42.8683,-55.0000
LINETO,230.2528,43.9179,-55.0000
LINETO,232.8268,44.4257,-55.0000
MOVETO,224.8723,45.1238,-45.0000
LINETO,224.8723,45.1238,-55.0000
LINETO,225.1732,45.7107,-55.0000
LINETO,222.1211,43.5174,-55.0000
LINETO,220.6833,40.4130,-55.0000
LINETO,220.7722,38.0227,-55.0000
LINETO,223.3802,39.1595,-55.0000
LINETO,224.7766,45.7629,-55.0000
LINETO,225.2686,45.8491,-55.0000
LINETO,224.1680,42.8826,-55.0000
LINETO,223.7117,39.0159,-55.0000
LINETO,220.5560,37.9946,-55.0000
LINETO,220.4776,40.2498,-55.0000
LINETO,221.2370,42.6355,-55.0000
LINETO,222.5857,44.3220,-55.0000
LINETO,224.7437,45.7484,-55.0000
MOVETO,222.0983,41.2843,-45.0000
LINETO,222.0983,41.2843,-55.0000
LINETO,221.1080,40.6398,-55.0000
LINETO,223.2467,41.8170,-55.0000
LINETO,222.0983,41.2843,-55.0000
MOVETO,221.9146,37.4632,-45.0000
LINETO,221.9146,37.4632,-55.0000
LINETO,220.5296,36.7098,-55.0000
LINETO,220.5168,35.2771,-55.0000
LINETO,227.3873,-35.5022,-55.0000
LINETO,227.7215,-37.8673,-55.0000
LINETO,228.2524,-38.0510,-55.0000
LINETO,231.5271,-37.4555,-55.0000
LINETO,231.5230,-36.2131,-55.0000
LINETO,224.2343,34.3123,-55.0000
LINETO,223.8176,37.8383,-55.0000
LINETO,223.4747,37.9676,-55.0000
LINETO,222.0140,37.5035,-55.0000
LINETO,223.6415,37.6789,-55.0000
LINETO,223.8420,36.1200,-55.0000
LINETO,231.3467,-36.2852,-55.0000
LINETO,231.3051,-37.3158,-55.0000
LINETO,227.8920,-37.7995,-55.0000
LINETO,220.6458,35.8363,-55.0000
LINETO,221.1221,36.8990,-55.0000
LINETO,223.6414,37.6837,-55.0000
MOVETO,222.5943,28.6269,-45.0000
LINETO,222.5943,28.6269,-55.0000
LINETO,222.0353,27.6874,-55.0000
LINETO,222.4392,22.1238,-55.0000
LINETO,222.7721,20.0061,-55.0000
LINETO,223.6248,19.4629,-55.0000
LINETO,224.9951,20.4207,-55.0000
LINETO,224.0011,28.3980,-55.0000
LINETO,223.5120,28.7729,-55.0000
LINETO,222.6728,28.6566,-55.0000
LINETO,223.8664,28.1802,-55.0000
LINETO,224.2356,26.5000,-55.0000
LINETO,224.7942,20.5943,-55.0000
LINETO,223.6825,19.6348,-55.0000
LINETO,223.1414,19.8574,-55.0000
LINETO,222.7994,20.8535,-55.0000
LINETO,222.1990,27.2709,-55.0000
LINETO,222.7770,28.4622,-55.0000
LINETO,223.7149,28.3513,-55.0000
MOVETO,223.3475,27.5614,-45.0000
LINETO,223.3475,27.5614,-55.0000
LINETO,222.9213,27.6067,-55.0000
LINETO,222.8703,27.0537,-55.0000
LINETO,223.7047,20.4137,-55.0000
LINETO,223.9195,21.6221,-55.0000
LINETO,223.4118,27.1529,-55.0000
LINETO,223.3494,27.5566,-55.0000
LINETO,222.7677,27.7282,-55.0000
LINETO,223.3554,27.9010,-55.0000
LINETO,223.6271,26.8931,-55.0000
LINETO,224.1364,20.8289,-55.0000
LINETO,223.7438,20.1835,-55.0000
LINETO,223.2269,21.1001,-55.0000
LINETO,222.7596,27.7083,-55.0000
MOVETO,239.5689,39.5207,-45.0000
LINETO,239.5689,39.5207,-55.0000
LINETO,239.4990,38.3989,-55.0000
LINETO,239.9615,37.8675,-55.0000
LINETO,240.7619,38.0321,-55.0000
LINETO,240.9862,38.9619,-55.0000
LINETO,240.5739,39.5476,-55.0000
LINETO,239.6038,39.5487,-55.0000
LINETO,240.8866,38.8172,-55.0000
LINETO,240.5722,38.1636,-55.0000
LINETO,240.0959,38.0700,-55.0000
LINETO,239.6647,38.6140,-55.0000
LINETO,239.7288,39.2761,-55.0000
LINETO,240.6160,39.1717,-55.0000
MOVETO,242.5633,39.6677,-45.0000
LINETO,242.5633,39.6677,-55.0000
LINETO,242.1195,39.2852,-55.0000
LINETO,242.0918,38.0710,-55.0000
LINETO,243.6554,37.6874,-55.0000
LINETO,251.5083,37.8057,-55.0000
LINETO,252.2113,38.1254,-55.0000
LINETO,252.2803,39.0570,-55.0000
LINETO,251.8967,39.5108,-55.0000
LINETO,250.6790,39.7058,-55.0000
LINETO,242.5699,39.6699,-55.0000
LINETO,251.8328,39.2758,-55.0000
LINETO,252.0989,38.7797,-55.0000
LINETO,251.8117,38.0953,-55.0000
LINETO,251.1748,37.8932,-55.0000
LINETO,243.9815,37.8629,-55.0000
LINETO,242.4180,38.0877,-55.0000
LINETO,242.3956,39.3101,-55.0000
LINETO,246.5063,39.5977,-55.0000
LINETO,251.8038,39.3003,-55.0000
MOVETO,251.1976,38.7308,-45.0000
LINETO,251.1976,38.7308,-55.0000
LINETO,242.7470,38.7327,-55.0000
LINETO,243.5299,39.0625,-55.0000
LINETO,248.9785,39.0856,-55.0000
LINETO,251.0717,38.9643,-55.0000
LINETO,251.5598,38.5911,-55.0000
LINETO,244.3739,38.3758,-55.0000
LINETO,242.7470,38.7308,-55.0000
MOVETO,253.6225,-28.0469,-45.0000
LINETO,253.6225,-28.0469,-55.0000
LINETO,252.0577,-28.8402,-55.0000
LINETO,250.9699,-30.0738,-55.0000
LINETO,250.3821,-31.7175,-55.0000
LINETO,250.3217,-33.7306,-55.0000
LINETO,250.8052,-35.4715,-55.0000
LINETO,251.8056,-36.8960,-55.0000
LINETO,253.1499,-37.8907,-55.0000
LINETO,254.7429,-38.3008,-55.0000
LINETO,257.3666,-37.7540,-55.0000
LINETO,259.1793,-35.8081,-55.0000
LINETO,259.7068,-33.0301,-55.0000
LINETO,258.7735,-30.2018,-55.0000
LINETO,256.6790,-28.3098,-55.0000
LINETO,254.8714,-27.8078,-55.0000
LINETO,253.7110,-28.0186,-55.0000
LINETO,255.9023,-28.2312,-55.0000
LINETO,257.1912,-28.8691,-55.0000
LINETO,258.5190,-30.2620,-55.0000
LINETO,259.4375,-32.1893,-55.0000
LINETO,259.4416,-34.2569,-55.0000
LINETO,258.7640,-36.0896,-55.0000
LINETO,257.5078,-37.4161,-55.0000
LINETO,255.8166,-38.0832,-55.0000
LINETO,253.3974,-37.7722,-55.0000
LINETO,251.3795,-36.0253,-55.0000
LINETO,250.6494,-34.4995,-55.0000
LINETO,250.5944,-31.5123,-55.0000
LINETO,251.3762,-29.9416,-55.0000
LINETO,252.7620,-28.6655,-55.0000
LINETO,254.5166,-27.9929,-55.0000
LINETO,255.9005,-28.2306,-55.0000
MOVETO,255.8638,-29.2410,-45.0000
LINETO,255.8638,-29.2410,-55.0000
LINETO,254.4107,-29.1048,-55.0000
LINETO,253.0208,-29.7047,-55.0000
LINETO,251.9175,-30.9793,-55.0000
LINETO,251.4711,-32.5206,-55.0000
LINETO,251.7294,-34.5026,-55.0000
LINETO,252.8171,-36.0516,-55.0000
LINETO,254.3165,-37.0349,-55.0000
LINETO,256.0736,-36.9683,-55.0000
LINETO,257.3139,-36.2216,-55.0000
LINETO,258.1681,-35.0132,-55.0000
LINETO,258.5225,-33.5102,-55.0000
LINETO,258.2914,-31.9576,-55.0000
LINETO,257.4312,-30.4891,-55.0000
LINETO,256.1455,-29.3708,-55.0000
LINETO,253.3107,-29.2325,-55.0000
LINETO,255.6184,-29.0032,-55.0000
LINETO,257.7091,-30.4348,-55.0000
LINETO,258.6535,-32.5666,-55.0000
LINETO,258.4514,-34.8713,-55.0000
LINETO,257.2900,-36.6049,-55.0000
LINETO,255.1662,-37.3064,-55.0000
LINETO,252.7052,-36.3260,-55.0000
LINETO,251.3255,-33.8006,-55.0000
LINETO,251.6539,-31.0158,-55.0000
LINETO,253.2551,-29.2594,-55.0000
MOVETO,253.4572,-31.6292,-45.0000
LINETO,253.4572,-31.6292,-55.0000
LINETO,252.9451,-32.2479,-55.0000
LINETO,252.9563,-33.6570,-55.0000
LINETO,253.2683,-34.7858,-55.0000
LINETO,253.9602,-35.1551,-55.0000
LINETO,256.2989,-34.7611,-55.0000
LINETO,256.5775,-32.9796,-55.0000
LINETO,255.8914,-31.5864,-55.0000
LINETO,253.4618,-31.6274,-55.0000
LINETO,256.0398,-31.9784,-55.0000
LINETO,256.3499,-32.7976,-55.0000
LINETO,256.2445,-34.5067,-55.0000
LINETO,254.1963,-34.9711,-55.0000
LINETO,253.3534,-34.4504,-55.0000
LINETO,253.1346,-32.2205,-55.0000
LINETO,254.3985,-31.6323,-55.0000
LINETO,256.0107,-31.9415,-55.0000
MOVETO,255.6066,-33.0989,-45.0000
LINETO,255.6066,-33.0989,-55.0000
LINETO,255.3002,-32.4835,-55.0000
LINETO,253.9639,-32.4901,-55.0000
LINETO,254.1347,-34.1411,-55.0000
LINETO,255.5170,-34.0762,-55.0000
LINETO,255.6068,-33.1000,-55.0000
LINETO,253.6975,-32.3424,-55.0000
LINETO,255.7015,-32.2969,-55.0000
LINETO,255.8441,-33.4869,-55.0000
LINETO,255.5845,-34.2952,-55.0000
LINETO,253.8453,-34.3848,-55.0000
LINETO,253.6776,-32.3641,-55.0000
MOVETO,269.3846,-43.5702,-45.0000
LINETO,269.3846,-43.5702,-55.0000
LINETO,277.6985,-44.5896,-55.0000
LINETO,280.0279,-45.1837,-55.0000
LINETO,280.7005,-45.7472,-55.0000
LINETO,277.8709,-46.8014,-55.0000
LINETO,271.1143,-47.6367,-55.0000
LINETO,248.8260,-48.3463,-55.0000
LINETO,228.3198,-47.6394,-55.0000
LINETO,221.3945,-46.6678,-55.0000
LINETO,219.1662,-45.6518,-55.0000
LINETO,221.3622,-44.7480,-55.0000
LINETO,228.2206,-43.5827,-55.0000
LINETO,221.1512,-44.6194,-55.0000
LINETO,219.5124,-45.1288,-55.0000
LINETO,219.0952,-45.6759,-55.0000
LINETO,219.6686,-46.2824,-55.0000
LINETO,221.2828,-46.8317,-55.0000
LINETO,227.5245,-47.7460,-55.0000
LINETO,249.3246,-48.5303,-55.0000
LINETO,271.9983,-47.7483,-55.0000
LINETO,278.5086,-46.8395,-55.0000
LINETO,280.2324,-46.2930,-55.0000
LINETO,280.8992,-45.6895,-55.0000
LINETO,280.1744,-44.9985,-55.0000
LINETO,276.7875,-44.2377,-55.0000
LINETO,267.1108,-43.4065,-55.0000
LINETO,269.3846,-43.5702,-55.0000
MOVETO,231.5592,-38.3529,-45.0000
LINETO,231.5592,-38.3529,-55.0000
LINETO,233.1567,-42.5427,-55.0000
LINETO,235.0643,-44.4678,-55.0000
LINETO,236.6455,-45.2099,-55.0000
LINETO,233.3072,-42.3099,-55.0000
LINETO,231.5592,-38.3529,-55.0000
MOVETO,230.1631,-38.5183,-45.0000
LINETO,230.1631,-38.5183,-55.0000
LINETO,227.8870,-39.2345,-55.0000
LINETO,228.4739,-41.5334,-55.0000
LINETO,229.7764,-43.5336,-55.0000
LINETO,232.3515,-45.2107,-55.0000
LINETO,236.6672,-45.5708,-55.0000
LINETO,232.5429,-45.0841,-55.0000
LINETO,230.0310,-43.4187,-55.0000
LINETO,228.6545,-41.3913,-55.0000
LINETO,228.0791,-39.3891,-55.0000
LINETO,231.3264,-38.2960,-55.0000
LINETO,230.1631,-38.5183,-55.0000
MOVETO,230.1631,-38.5183,-45.0000
